Symbol,Date,Close,High,Low,Open,Volume
WY,2006-01-02,26.536,26.856,26.476,26.856,0
WY,2006-01-03,26.656,26.724,26.468,26.636,5324000
WY,2006-01-04,27.3,27.3,26.7,26.86,4010750
WY,2006-01-05,27.06,27.244,26.936,27.24,2485000
WY,2006-01-06,27.1,27.236,26.924,27.2,2179000
WY,2006-01-09,27.036,27.28,27.0,27.16,3160250
WY,2006-01-10,27.396,27.396,26.8,26.976,3437750
WY,2006-01-11,27.38,27.584,27.312,27.44,3915500
WY,2006-01-12,26.9,27.272,26.852,27.272,2297250
WY,2006-01-13,26.592,27.04,26.46,26.96,2729750
WY,2006-01-16,26.592,27.04,26.46,26.96,0
WY,2006-01-17,26.62,26.648,26.44,26.44,2496250
WY,2006-01-18,26.528,26.668,26.34,26.544,2886000
WY,2006-01-19,26.828,26.912,26.524,26.7,1882750
WY,2006-01-20,26.688,27.132,26.632,27.08,3544500
WY,2006-01-23,26.94,27.076,26.784,26.832,2322500
WY,2006-01-24,27.056,27.236,26.96,26.96,2013250
WY,2006-01-25,26.86,27.148,26.704,26.748,2789750
WY,2006-01-26,27.232,27.36,27.036,27.1,3662000
WY,2006-01-27,27.476,27.476,27.28,27.28,3178000
WY,2006-01-30,28.152,28.176,27.2,27.44,6163250
WY,2006-01-31,27.904,27.992,27.604,27.9,5155250
WY,2006-02-01,27.452,27.808,27.372,27.6,3420250
WY,2006-02-02,26.9,27.42,26.84,27.4,3682250
WY,2006-02-03,27.0,27.28,26.66,27.0,7163000
WY,2006-02-06,27.88,28.304,27.232,27.3,7341500
WY,2006-02-07,27.82,27.82,27.6,27.6,4188500
WY,2006-02-08,27.88,27.916,27.712,27.9,3943250
WY,2006-02-09,27.848,27.992,27.828,27.88,3307250
WY,2006-02-10,27.7,27.896,27.52,27.76,3012500
WY,2006-02-13,27.588,27.684,27.464,27.56,1872750
WY,2006-02-14,28.16,28.312,27.496,27.588,4190000
WY,2006-02-15,27.92,28.02,27.76,27.82,3271500
WY,2006-02-16,28.06,28.144,27.888,28.02,2774500
WY,2006-02-17,28.0,28.048,27.904,28.02,4553000
WY,2006-02-20,28.0,28.048,27.904,28.02,0
WY,2006-02-21,27.584,27.968,27.56,27.968,3592000
WY,2006-02-22,27.532,27.684,27.444,27.6,2826250
WY,2006-02-23,27.468,27.848,27.308,27.48,2644750
WY,2006-02-24,27.608,27.776,27.4,27.468,2958500
WY,2006-02-27,27.656,27.952,27.612,27.644,3173250
WY,2006-02-28,27.316,27.656,27.24,27.328,3720250
WY,2006-03-01,27.16,27.392,27.076,27.308,2377500
WY,2006-03-02,27.184,27.412,26.976,27.06,2600750
WY,2006-03-03,27.028,27.24,26.984,27.04,2457750
WY,2006-03-06,27.404,27.448,27.2,27.2,3110000
WY,2006-03-07,27.36,27.64,27.268,27.4,3291250
WY,2006-03-08,27.772,28.0,27.236,27.32,5960250
WY,2006-03-09,28.012,28.172,27.44,27.44,3557250
WY,2006-03-10,28.352,28.448,28.12,28.2,4623500
WY,2006-03-13,28.88,29.0,28.36,28.4,4756250
WY,2006-03-14,29.12,29.156,28.64,28.716,3554500
WY,2006-03-15,29.388,29.532,29.084,29.16,4834500
WY,2006-03-16,29.508,29.536,29.164,29.3,4018250
WY,2006-03-17,29.312,29.6,29.26,29.6,3734750
WY,2006-03-20,29.18,29.424,28.924,29.312,3004500
WY,2006-03-21,28.808,29.248,28.804,29.04,2540750
WY,2006-03-22,29.112,29.152,28.708,28.808,1966500
WY,2006-03-23,29.14,29.28,29.032,29.112,2970750
WY,2006-03-24,29.272,29.332,28.988,29.16,1884750
WY,2006-03-27,29.544,29.596,29.192,29.216,2582250
WY,2006-03-28,29.244,29.596,29.148,29.496,3355750
WY,2006-03-29,29.62,29.64,29.284,29.296,3386500
WY,2006-03-30,29.24,29.8,29.16,29.5,3126500
WY,2006-03-31,28.972,29.596,28.816,29.596,2898750
WY,2006-04-03,29.18,29.472,28.96,29.06,2696250
WY,2006-04-04,29.14,29.592,29.14,29.352,3042000
WY,2006-04-05,29.448,29.492,28.776,28.776,3812750
WY,2006-04-06,30.02,30.156,29.452,29.452,4400250
WY,2006-04-07,29.616,30.2,29.612,30.0,2432250
WY,2006-04-10,29.34,29.808,29.304,29.792,1451750
WY,2006-04-11,28.872,29.7,28.772,29.608,4106750
WY,2006-04-12,28.82,28.92,28.596,28.872,1652250
WY,2006-04-13,29.0,29.132,28.584,28.78,1982750
WY,2006-04-14,29.0,29.132,28.584,28.78,0
WY,2006-04-17,28.996,29.356,28.876,29.32,1346500
WY,2006-04-18,29.76,29.8,29.016,29.04,2856250
WY,2006-04-19,29.82,29.836,29.388,29.66,3065250
WY,2006-04-20,29.688,29.84,29.436,29.84,3104500
WY,2006-04-21,30.016,30.04,29.788,29.9,2912000
WY,2006-04-24,30.036,30.128,29.76,29.76,2411000
WY,2006-04-25,29.54,30.076,29.324,30.076,3619500
WY,2006-04-26,29.316,29.82,28.988,29.392,5135500
WY,2006-04-27,28.268,29.148,28.1,28.94,6301000
WY,2006-04-28,28.188,28.42,27.892,28.0,4513000
WY,2006-05-01,27.94,28.412,27.824,28.108,3862500
WY,2006-05-02,27.756,27.94,27.5,27.94,5130500
WY,2006-05-03,27.648,27.916,27.032,27.68,8931000
WY,2006-05-04,28.044,28.14,27.72,27.74,5351250
WY,2006-05-05,28.332,28.556,27.996,28.3,3415750
WY,2006-05-08,28.12,28.38,28.012,28.38,2833250
WY,2006-05-09,28.276,28.284,27.92,28.16,2286750
WY,2006-05-10,28.324,28.42,28.136,28.208,2907000
WY,2006-05-11,27.692,28.272,27.572,28.26,3287500
WY,2006-05-12,27.252,27.708,27.14,27.68,4119500
WY,2006-05-15,27.2,27.36,26.852,27.212,3463250
WY,2006-05-16,26.92,27.232,26.704,27.12,2696000
WY,2006-05-17,26.208,26.84,26.208,26.68,3718250
WY,2006-05-18,26.1,26.472,26.08,26.3,2979500
WY,2006-05-19,26.184,26.336,25.944,26.104,5329250
WY,2006-05-22,25.9,26.064,25.612,25.94,3477250
WY,2006-05-23,25.716,26.348,25.676,26.1,4503500
WY,2006-05-24,25.088,25.6,24.628,25.6,8690500
WY,2006-05-25,25.44,25.576,25.26,25.312,4645500
WY,2006-05-26,25.844,25.872,25.476,25.54,3968000
WY,2006-05-29,25.844,25.872,25.476,25.54,0
WY,2006-05-30,25.532,26.004,25.44,25.796,4349250
WY,2006-05-31,25.584,25.768,25.288,25.632,3509750
WY,2006-06-01,26.016,26.06,25.432,25.52,2943250
WY,2006-06-02,25.736,26.08,25.648,26.0,4416250
WY,2006-06-05,24.936,25.528,24.936,25.52,6211000
WY,2006-06-06,24.556,25.02,24.548,25.0,5934000
WY,2006-06-07,24.152,24.7,24.124,24.624,4856000
WY,2006-06-08,23.916,24.044,23.38,24.02,9012000
WY,2006-06-09,24.008,24.148,23.908,24.024,3594750
WY,2006-06-12,23.264,24.04,23.264,24.0,3762500
WY,2006-06-13,22.676,23.316,22.652,23.2,7649500
WY,2006-06-14,22.92,23.0,22.692,22.792,5142000
WY,2006-06-15,23.812,23.88,23.176,23.336,5718500
WY,2006-06-16,23.62,23.864,23.456,23.616,7106500
WY,2006-06-19,23.724,23.944,23.58,23.8,7717000
WY,2006-06-20,23.5,23.876,23.42,23.8,4534500
WY,2006-06-21,24.132,24.168,23.44,23.44,4551250
WY,2006-06-22,24.2,24.324,23.94,24.04,5243000
WY,2006-06-23,24.12,24.324,23.972,24.1,2204000
WY,2006-06-26,24.2,24.408,24.096,24.12,2918500
WY,2006-06-27,24.076,24.6,24.056,24.54,5115250
WY,2006-06-28,23.972,24.032,23.664,24.0,3821000
WY,2006-06-29,24.756,24.756,24.068,24.08,3449750
WY,2006-06-30,24.9,25.288,24.628,25.016,3578750
WY,2006-07-03,24.74,25.096,24.704,25.0,1307750
WY,2006-07-04,24.74,25.096,24.704,25.0,0
WY,2006-07-05,24.324,24.808,24.272,24.688,4390000
WY,2006-07-06,24.308,24.38,24.056,24.284,3122250
WY,2006-07-07,24.248,24.464,24.176,24.24,2284500
WY,2006-07-10,24.32,24.516,24.2,24.32,2485750
WY,2006-07-11,23.98,24.272,23.764,24.22,4825750
WY,2006-07-12,24.008,24.168,23.816,24.072,3370250
WY,2006-07-13,23.064,24.038,23.048,23.92,5612000
WY,2006-07-14,23.24,23.296,22.62,22.916,4586000
WY,2006-07-17,22.904,23.436,22.864,23.24,4200750
WY,2006-07-18,22.54,22.988,22.308,22.88,6164000
WY,2006-07-19,23.128,23.444,22.696,22.7,4355000
WY,2006-07-20,22.508,23.384,22.496,23.024,3221500
WY,2006-07-21,22.14,22.56,21.924,22.56,6286000
WY,2006-07-24,22.24,22.52,21.7,21.7,6316750
WY,2006-07-25,22.94,23.276,22.372,22.4,7227500
WY,2006-07-26,23.4,23.452,22.928,22.94,6152000
WY,2006-07-27,23.548,23.66,23.264,23.5,6041000
WY,2006-07-28,23.428,23.644,23.172,23.6,3460250
WY,2006-07-31,23.464,23.54,23.144,23.32,5170750
WY,2006-08-01,23.092,23.364,22.92,23.364,5101250
WY,2006-08-02,22.988,23.14,22.796,22.86,4363500
WY,2006-08-03,23.296,23.552,22.848,22.924,2893750
WY,2006-08-04,22.944,23.6718,22.812,23.576,3200500
WY,2006-08-07,22.964,23.168,22.796,22.88,2496750
WY,2006-08-08,22.68,23.132,22.556,23.02,3120500
WY,2006-08-09,22.744,23.212,22.716,22.9,3754000
WY,2006-08-10,22.48,22.76,22.368,22.64,5206000
WY,2006-08-11,22.24,22.544,22.12,22.408,4504750
WY,2006-08-14,22.152,22.5,22.112,22.48,4760000
WY,2006-08-15,22.496,22.532,22.232,22.52,4025500
WY,2006-08-16,23.296,23.312,22.64,22.696,6105500
WY,2006-08-17,23.32,23.792,23.232,23.384,3461000
WY,2006-08-18,23.188,23.508,23.1,23.42,1931750
WY,2006-08-21,22.82,23.056,22.78,23.008,2328500
WY,2006-08-22,24.012,24.18,22.9,22.9,7643500
WY,2006-08-23,24.54,24.92,24.008,24.476,7098000
WY,2006-08-24,24.48,25.0,24.404,24.8,5033250
WY,2006-08-25,24.276,24.56,24.264,24.476,4343250
WY,2006-08-28,24.396,24.5,24.012,24.2,3744000
WY,2006-08-29,24.476,24.744,24.4,24.496,4702250
WY,2006-08-30,24.784,24.856,24.404,24.62,4145749
WY,2006-08-31,24.8,24.936,24.644,24.816,4027750
WY,2006-09-01,24.88,25.08,24.728,24.896,2645500
WY,2006-09-04,24.88,25.08,24.728,24.896,0
WY,2006-09-05,25.348,25.352,24.9,25.024,4064000
WY,2006-09-06,25.104,25.308,24.972,25.12,3557250
WY,2006-09-07,24.92,25.128,24.512,24.9,3491750
WY,2006-09-08,25.264,25.408,24.74,24.852,3466250
WY,2006-09-11,24.768,25.268,24.528,25.04,4413500
WY,2006-09-12,24.972,25.012,24.468,24.804,4060749
WY,2006-09-13,24.876,25.192,24.776,24.872,4023250
WY,2006-09-14,24.688,24.888,24.536,24.8,3484500
WY,2006-09-15,24.836,25.036,24.724,24.828,4061000
WY,2006-09-18,24.58,24.88,24.488,24.716,2448750
WY,2006-09-19,24.064,24.56,23.964,24.54,7009250
WY,2006-09-20,24.004,24.208,23.852,24.04,4713250
WY,2006-09-21,23.78,24.108,23.7,23.908,5398500
WY,2006-09-22,23.608,23.776,23.5,23.776,4310000
WY,2006-09-25,24.196,24.264,23.428,23.8,4518250
WY,2006-09-26,24.556,24.676,24.132,24.168,5382500
WY,2006-09-27,24.744,24.76,24.364,24.556,3941250
WY,2006-09-28,24.912,25.044,24.64,24.904,4822250
WY,2006-09-29,24.612,24.84,24.564,24.84,3535500
WY,2006-10-02,24.732,24.924,24.352,24.532,2885750
WY,2006-10-03,24.584,24.864,24.456,24.76,3462250
WY,2006-10-04,24.392,24.54,24.1,24.46,5181000
WY,2006-10-05,24.476,24.66,24.32,24.392,5006250
WY,2006-10-06,24.54,24.56,24.284,24.48,3484750
WY,2006-10-09,24.74,24.868,24.292,24.46,2950250
WY,2006-10-10,24.82,24.976,24.616,24.72,2734750
WY,2006-10-11,24.92,25.052,24.672,24.812,4094500
WY,2006-10-12,25.396,25.44,25.0,25.08,3596250
WY,2006-10-13,26.052,26.12,25.324,25.34,6093000
WY,2006-10-16,26.06,26.244,25.904,26.028,4009000
WY,2006-10-17,25.86,26.0,25.64,25.96,3762000
WY,2006-10-18,25.772,25.972,25.532,25.88,3042250
WY,2006-10-19,25.952,25.972,25.528,25.712,2236000
WY,2006-10-20,25.68,25.992,25.58,25.992,3219750
WY,2006-10-23,25.66,25.72,25.24,25.52,2184500
WY,2006-10-24,25.492,25.932,25.3,25.44,4494250
WY,2006-10-25,25.48,25.936,25.2,25.384,5883500
WY,2006-10-26,25.608,25.62,25.16,25.48,3261500
WY,2006-10-27,25.44,25.784,25.304,25.508,2074749
WY,2006-10-30,25.616,25.724,25.5,25.5,3178750
WY,2006-10-31,25.436,25.804,25.288,25.8,2158000
WY,2006-11-01,25.264,25.772,25.236,25.56,2074250
WY,2006-11-02,25.348,25.592,25.028,25.16,2410500
WY,2006-11-03,25.188,25.532,25.096,25.428,2699500
WY,2006-11-06,25.36,25.568,25.32,25.32,4155999
WY,2006-11-07,25.22,25.6,25.22,25.348,3728750
WY,2006-11-08,25.436,25.528,24.8,24.8,3126000
WY,2006-11-09,25.4,25.712,25.36,25.44,2004000
WY,2006-11-10,25.356,25.508,25.24,25.42,1396250
WY,2006-11-13,25.796,25.844,25.364,25.48,1941000
WY,2006-11-14,25.936,26.06,25.656,25.896,3969750
WY,2006-11-15,25.6,25.896,25.54,25.86,4566750
WY,2006-11-16,25.856,25.984,25.544,25.6,2933500
WY,2006-11-17,25.544,25.7,25.212,25.212,3928500
WY,2006-11-20,25.532,25.66,25.424,25.6,2572250
WY,2006-11-21,25.528,25.556,25.328,25.424,2245250
WY,2006-11-22,25.496,25.58,25.372,25.428,1774000
WY,2006-11-23,25.496,25.58,25.372,25.428,0
WY,2006-11-24,25.72,25.864,25.408,25.448,1067000
WY,2006-11-27,25.304,25.672,25.248,25.62,3116500
WY,2006-11-28,25.864,25.864,25.38,25.38,3865500
WY,2006-11-29,25.72,25.98,25.576,25.78,2547500
WY,2006-11-30,25.872,26.036,25.396,25.712,3000000
WY,2006-12-01,25.924,26.16,25.648,26.012,3070250
WY,2006-12-04,26.428,26.428,25.884,26.0,3868500
WY,2006-12-05,27.076,27.228,26.344,26.408,7483500
WY,2006-12-06,27.108,27.432,26.936,27.18,3951000
WY,2006-12-07,26.7,26.86,26.436,26.772,4712250
WY,2006-12-08,26.672,26.8,26.4841,26.64,2465250
WY,2006-12-11,26.5,26.808,26.308,26.552,2642250
WY,2006-12-12,26.296,26.54,26.024,26.44,3329500
WY,2006-12-13,26.392,26.588,26.244,26.4,2318000
WY,2006-12-14,27.796,28.06,26.204,26.4,13239250
WY,2006-12-15,28.772,30.2,28.64,28.98,35898250
WY,2006-12-18,28.248,28.912,28.22,28.772,6391500
WY,2006-12-19,28.2,28.576,28.056,28.24,4213250
WY,2006-12-20,27.884,28.276,27.868,28.212,3119500
WY,2006-12-21,28.1,28.224,27.828,28.024,4272250
WY,2006-12-22,28.104,28.172,27.82,28.16,2594500
WY,2006-12-25,28.104,28.172,27.82,28.16,0
WY,2006-12-26,28.264,28.488,28.172,28.436,1827250
WY,2006-12-27,28.48,28.8,28.48,28.56,3178750
WY,2006-12-28,28.32,28.552,28.288,28.48,2101500
WY,2006-12-29,28.26,28.48,28.2,28.26,2139000
WY,2007-01-01,28.26,28.48,28.2,28.26,0
WY,2007-01-02,28.26,28.48,28.2,28.26,0
WY,2007-01-03,29.0,29.144,28.4,28.404,5784000
WY,2007-01-04,28.708,28.936,28.484,28.676,4859250
WY,2007-01-05,28.616,28.784,28.448,28.724,3735750
WY,2007-01-08,28.868,28.932,28.284,28.284,2773750
WY,2007-01-09,28.72,28.936,28.416,28.9,3381250
WY,2007-01-10,28.548,28.98,28.312,28.56,2962750
WY,2007-01-11,28.98,29.292,28.512,28.6,4660750
WY,2007-01-12,29.2,29.304,28.908,28.92,4807750
WY,2007-01-15,29.2,29.304,28.908,28.92,0
WY,2007-01-16,29.16,29.192,28.864,29.1,2704750
WY,2007-01-17,28.852,29.072,28.4617,28.98,3045250
WY,2007-01-18,28.804,29.056,28.616,28.932,3352750
WY,2007-01-19,29.7,30.032,29.2,29.372,9407750
WY,2007-01-22,29.352,29.792,29.308,29.56,4136250
WY,2007-01-23,29.868,30.044,29.524,29.576,6070000
WY,2007-01-24,29.988,30.08,29.716,29.868,5662250
WY,2007-01-25,29.912,30.1,29.812,29.928,4709750
WY,2007-01-26,30.06,30.136,29.756,29.96,4555500
WY,2007-01-29,30.128,30.62,29.972,30.06,6982750
WY,2007-01-30,29.932,30.24,29.868,30.124,4830750
WY,2007-01-31,30.0,30.092,29.688,29.78,3926750
WY,2007-02-01,30.228,30.34,29.86,30.12,3626000
WY,2007-02-02,30.608,30.98,30.32,30.712,7356750
WY,2007-02-05,31.288,31.34,30.856,30.916,10454750
WY,2007-02-06,31.588,31.588,31.2,31.2,8185750
WY,2007-02-07,31.704,31.764,31.308,31.52,7297250
WY,2007-02-08,31.596,31.88,31.388,31.64,13637250
WY,2007-02-09,31.256,31.984,31.0,31.196,12757250
WY,2007-02-12,31.376,31.376,30.972,31.2,7885597
WY,2007-02-13,32.38,32.576,31.52,31.52,13016267
WY,2007-02-14,32.624,32.656,31.872,31.9,13962962
WY,2007-02-15,32.956,33.0,32.296,32.4,10701750
WY,2007-02-16,33.212,33.376,31.872,33.332,16443500
WY,2007-02-19,33.212,33.376,31.872,33.332,0
WY,2007-02-20,33.132,33.212,32.94,33.02,11693750
WY,2007-02-21,33.428,33.46,32.648,32.76,9972500
WY,2007-02-22,33.228,33.712,32.916,33.6,10186250
WY,2007-02-23,32.9,33.228,32.772,33.228,15215750
WY,2007-02-26,34.408,34.832,33.608,33.8,25529790
WY,2007-02-27,33.9,34.836,33.4,33.84,27539000
WY,2007-02-28,34.364,34.452,33.8,33.8,42361250
WY,2007-03-01,34.4,34.54,33.8,34.348,31564422
WY,2007-03-02,34.472,34.812,34.0,34.3,23190500
WY,2007-03-05,33.9,34.76,33.804,33.804,12796517
WY,2007-03-06,34.48,34.66,34.004,34.12,40487000
WY,2007-03-07,33.66,33.984,33.24,33.8,28081000
WY,2007-03-08,33.0,33.868,32.828,33.2,10736500
WY,2007-03-09,32.868,33.316,32.648,33.1,7689000
WY,2007-03-12,32.352,32.976,32.232,32.888,9347500
WY,2007-03-13,31.64,32.076,31.624,32.0,14748000
WY,2007-03-14,31.532,32.8,30.88,31.64,13944750
WY,2007-03-15,31.832,32.184,31.6,31.6,9413500
WY,2007-03-16,31.676,32.1,31.588,31.7,8473000
WY,2007-03-19,31.524,31.816,31.316,31.66,8144000
WY,2007-03-20,31.24,31.56,31.1,31.36,7475980
WY,2007-03-21,31.392,31.72,30.764,31.38,14597750
WY,2007-03-22,31.068,32.0,31.008,31.7,9405455
WY,2007-03-23,31.224,31.656,30.752,30.752,9113862
WY,2007-03-26,30.976,31.22,30.44,31.2,8743627
WY,2007-03-27,30.388,30.644,30.212,30.52,8922750
WY,2007-03-28,29.92,30.28,29.632,30.24,11343750
WY,2007-03-29,29.852,30.256,29.628,30.256,5392000
WY,2007-03-30,29.896,30.484,29.68,29.96,6099250
WY,2007-04-02,29.98,30.16,29.668,30.16,6004987
WY,2007-04-03,30.608,30.728,30.048,30.16,6097250
WY,2007-04-04,30.684,30.892,30.464,30.608,5620000
WY,2007-04-05,30.304,30.56,30.304,30.524,3549220
WY,2007-04-06,30.304,30.56,30.304,30.524,0
WY,2007-04-09,30.484,30.604,30.292,30.48,3887500
WY,2007-04-10,30.392,30.684,30.388,30.464,2191000
WY,2007-04-11,29.876,30.54,29.84,30.52,3955252
WY,2007-04-12,30.08,30.12,29.84,29.94,5188275
WY,2007-04-13,30.408,30.428,30.152,30.3,4099360
WY,2007-04-16,31.64,31.78,30.376,30.408,11955745
WY,2007-04-17,31.092,31.76,30.928,31.76,6667985
WY,2007-04-18,30.992,31.256,30.84,31.06,5621515
WY,2007-04-19,30.576,30.976,30.456,30.976,4219555
WY,2007-04-20,31.0,31.0,30.664,30.776,7384762
WY,2007-04-23,30.836,31.176,30.704,31.1,3259965
WY,2007-04-24,30.612,30.912,30.428,30.88,4262880
WY,2007-04-25,30.94,31.004,30.608,30.76,4173197
WY,2007-04-26,32.5,32.6,30.68,30.9,13175500
WY,2007-04-27,32.54,32.6,31.768,32.336,7230842
WY,2007-04-30,31.688,32.372,31.668,32.34,6160750
WY,2007-05-01,31.564,31.88,31.112,31.8,5589125
WY,2007-05-02,31.732,31.828,31.292,31.328,4051095
WY,2007-05-03,31.26,31.92,31.216,31.72,4883295
WY,2007-05-04,33.048,33.94,32.796,32.804,18159092
WY,2007-05-07,32.856,33.26,32.64,32.868,5716875
WY,2007-05-08,32.744,32.916,32.632,32.76,4902250
WY,2007-05-09,32.86,32.972,32.6,32.72,5610750
WY,2007-05-10,32.324,32.848,32.2,32.7,4627500
WY,2007-05-11,32.536,32.688,32.232,32.38,2299000
WY,2007-05-14,32.4,32.544,32.116,32.544,4206500
WY,2007-05-15,32.012,32.404,31.824,32.332,5797250
WY,2007-05-16,31.776,32.16,31.668,32.16,4846500
WY,2007-05-17,32.092,32.092,31.668,31.668,2945250
WY,2007-05-18,32.056,32.128,31.948,32.12,2738250
WY,2007-05-21,32.188,32.708,32.0,32.1,6959625
WY,2007-05-22,32.14,32.38,32.068,32.288,3010125
WY,2007-05-23,31.86,32.36,31.832,32.16,2600187
WY,2007-05-24,31.628,32.392,31.604,31.832,3350687
WY,2007-05-25,31.98,32.024,31.608,31.624,2235250
WY,2007-05-28,31.98,32.024,31.608,31.624,0
WY,2007-05-29,32.076,32.28,31.848,31.952,2346500
WY,2007-05-30,32.384,32.392,31.78,31.888,3552062
WY,2007-05-31,32.784,33.024,32.52,32.52,5378750
WY,2007-06-01,32.94,33.12,32.4,32.784,4254250
WY,2007-06-04,32.972,33.024,32.42,32.76,3500500
WY,2007-06-05,32.908,32.92,32.472,32.78,3097500
WY,2007-06-06,32.56,32.86,32.448,32.86,2747750
WY,2007-06-07,32.024,32.644,32.024,32.44,4080000
WY,2007-06-08,32.676,32.676,32.024,32.024,2570750
WY,2007-06-11,32.268,32.58,32.084,32.544,4805000
WY,2007-06-12,32.108,32.424,32.004,32.14,3668750
WY,2007-06-13,32.8,32.8,32.152,32.32,3453750
WY,2007-06-14,32.72,33.3,32.548,32.8,3204000
WY,2007-06-15,32.82,33.388,32.756,33.388,5391152
WY,2007-06-18,32.612,33.16,32.548,33.02,3976500
WY,2007-06-19,32.484,32.716,32.376,32.624,3420250
WY,2007-06-20,32.272,32.98,32.272,32.496,3900000
WY,2007-06-21,32.64,32.664,31.816,32.268,3849750
WY,2007-06-22,32.228,32.676,32.096,32.46,3810500
WY,2007-06-25,31.992,32.456,31.796,32.3,3972482
WY,2007-06-26,31.332,32.116,31.288,32.072,4879500
WY,2007-06-27,31.476,31.552,30.892,31.28,4431000
WY,2007-06-28,31.66,32.988,29.864,30.484,3763000
WY,2007-06-29,31.572,31.956,31.404,31.72,4563712
WY,2007-07-02,32.008,32.04,31.6,31.6,4061250
WY,2007-07-03,32.272,32.404,32.06,32.1,2454987
WY,2007-07-04,32.272,32.404,32.06,32.1,0
WY,2007-07-05,32.372,32.616,32.084,32.616,3123500
WY,2007-07-06,32.26,32.408,32.072,32.196,2842880
WY,2007-07-09,32.16,32.372,32.024,32.336,2585872
WY,2007-07-10,31.536,32.08,31.512,32.08,3969740
WY,2007-07-11,31.476,31.588,31.212,31.46,3834930
WY,2007-07-12,31.852,31.888,31.476,31.596,3664500
WY,2007-07-13,32.672,32.788,32.1,32.152,4654500
WY,2007-07-16,32.6,33.0,32.584,32.636,2930627
WY,2007-07-17,33.104,33.3,32.62,32.7,4023250
WY,2007-07-18,33.192,33.408,32.92,32.92,5044302
WY,2007-07-19,33.62,33.7148,33.24,33.28,4995425
WY,2007-07-20,32.56,33.62,32.52,33.02,4100500
WY,2007-07-23,33.052,33.28,32.688,33.112,3259230
WY,2007-07-24,31.9,32.804,31.88,32.4,4491095
WY,2007-07-25,31.692,32.528,31.4,32.2,4635035
WY,2007-07-26,30.288,31.52,29.8,31.484,11188872
WY,2007-07-27,28.8,30.3,28.064,30.06,26584990
WY,2007-07-30,29.352,29.668,28.98,29.02,9120297
WY,2007-07-31,28.496,29.54,28.496,29.0,10641867
WY,2007-08-01,28.0,28.7,27.092,27.924,15316417
WY,2007-08-02,27.492,28.376,27.152,27.868,9729755
WY,2007-08-03,26.64,28.32,26.612,28.016,11412750
WY,2007-08-06,27.14,27.152,25.92,26.9,11129587
WY,2007-08-07,27.344,27.656,26.528,27.58,9265750
WY,2007-08-08,27.992,28.328,27.34,27.34,7849632
WY,2007-08-09,26.508,27.94,26.448,27.448,10013650
WY,2007-08-10,26.568,26.708,24.64,26.408,13267152
WY,2007-08-13,27.46,27.704,26.592,27.14,8927000
WY,2007-08-14,26.188,27.46,26.08,27.408,10195750
WY,2007-08-15,25.312,26.688,25.204,26.012,8127829
WY,2007-08-16,25.188,25.632,23.868,25.02,15012000
WY,2007-08-17,26.0,26.592,24.88,25.776,9870000
WY,2007-08-20,26.1,26.268,25.532,25.78,6037500
WY,2007-08-21,26.396,26.552,25.844,26.232,5077750
WY,2007-08-22,26.8,26.876,26.34,26.78,6320500
WY,2007-08-23,26.7,27.2,26.54,27.072,6217000
WY,2007-08-24,26.82,27.0,26.508,26.68,5538250
WY,2007-08-27,26.776,27.064,26.464,26.74,4622000
WY,2007-08-28,25.976,26.672,25.932,26.416,6356500
WY,2007-08-29,27.052,27.056,26.148,26.288,3894750
WY,2007-08-30,26.992,27.216,26.336,26.576,4849750
WY,2007-08-31,27.268,27.6,27.0,27.532,4549500
WY,2007-09-03,27.268,27.6,27.0,27.532,0
WY,2007-09-04,27.372,27.552,26.96,27.128,3218250
WY,2007-09-05,26.892,27.192,26.516,27.072,3916750
WY,2007-09-06,27.528,27.528,26.436,26.436,5728750
WY,2007-09-07,26.92,27.352,26.616,27.02,5232000
WY,2007-09-10,26.74,27.02,26.34,26.52,5399000
WY,2007-09-11,27.052,27.052,26.624,26.8,4757000
WY,2007-09-12,27.324,27.428,26.744,26.996,3727500
WY,2007-09-13,27.616,27.848,27.436,27.488,3976000
WY,2007-09-14,27.756,28.068,27.616,27.84,4755750
WY,2007-09-17,27.668,28.104,27.56,27.68,3019250
WY,2007-09-18,28.972,28.972,27.576,27.908,5872250
WY,2007-09-19,29.08,29.94,28.8,29.1,9245750
WY,2007-09-20,28.368,29.168,28.088,29.132,4731750
WY,2007-09-21,28.748,28.972,28.296,28.328,4980250
WY,2007-09-24,28.452,29.1,28.3,28.652,4421250
WY,2007-09-25,28.348,28.828,27.612,28.828,5365000
WY,2007-09-26,28.66,28.816,28.308,28.58,3134500
WY,2007-09-27,29.24,29.272,28.8,28.82,2706000
WY,2007-09-28,28.92,29.34,28.736,29.208,3135500
WY,2007-10-01,29.732,29.932,29.016,29.12,4137374
WY,2007-10-02,29.28,29.88,29.128,29.8,2962250
WY,2007-10-03,29.012,29.276,28.772,29.232,3036250
WY,2007-10-04,29.276,29.316,28.892,29.16,2922500
WY,2007-10-05,30.304,30.372,29.312,29.448,5084500
WY,2007-10-08,29.9,30.28,29.668,30.248,1955750
WY,2007-10-09,30.1,30.372,29.776,29.92,3220750
WY,2007-10-10,29.472,29.888,29.168,29.86,3534750
WY,2007-10-11,29.372,29.924,29.16,29.916,3826250
WY,2007-10-12,29.36,29.652,29.136,29.52,2148000
WY,2007-10-15,29.116,29.768,28.856,29.504,3381732
WY,2007-10-16,28.256,29.0,28.156,28.824,4819750
WY,2007-10-17,28.168,28.944,27.872,28.636,5232000
WY,2007-10-18,28.64,28.812,27.888,27.892,3316000
WY,2007-10-19,27.876,28.64,27.696,28.356,5405000
WY,2007-10-22,27.1,27.84,26.944,27.44,6581750
WY,2007-10-23,27.18,27.952,26.672,27.516,6499520
WY,2007-10-24,27.376,27.528,26.7,27.18,4411250
WY,2007-10-25,27.124,27.636,26.784,27.352,6101750
WY,2007-10-26,27.336,27.532,26.92,27.432,3061520
WY,2007-10-29,29.54,29.848,28.196,28.196,10332250
WY,2007-10-30,29.724,30.26,28.912,29.54,6666805
WY,2007-10-31,30.364,30.796,29.14,29.42,6956000
WY,2007-11-01,29.348,30.268,28.992,30.264,5631500
WY,2007-11-02,29.308,29.868,28.648,29.756,5742750
WY,2007-11-05,29.216,29.356,28.52,29.256,3278675
WY,2007-11-06,29.376,29.64,28.956,29.24,4424775
WY,2007-11-07,28.08,29.428,27.92,28.84,4339000
WY,2007-11-08,28.056,28.14,27.208,28.104,7169935
WY,2007-11-09,27.768,28.284,27.252,27.576,4561250
WY,2007-11-12,28.708,29.3,27.568,27.776,8882392
WY,2007-11-13,29.596,29.916,28.752,28.96,11354960
WY,2007-11-14,29.22,30.06,29.056,29.836,7003732
WY,2007-11-15,29.084,29.888,28.736,29.292,8991635
WY,2007-11-16,28.712,29.484,28.368,29.484,5290840
WY,2007-11-19,27.348,28.484,27.204,28.48,8236387
WY,2007-11-20,27.316,27.928,27.116,27.5,10767182
WY,2007-11-21,27.116,27.556,26.908,27.128,6023940
WY,2007-11-22,27.116,27.556,26.908,27.128,0
WY,2007-11-23,27.484,27.588,27.24,27.24,1280102
WY,2007-11-26,27.208,27.964,27.144,27.432,5964720
WY,2007-11-27,27.816,28.496,27.236,27.236,10411042
WY,2007-11-28,28.82,28.98,27.872,27.872,6490090
WY,2007-11-29,28.8,28.902,28.224,28.716,4640155
WY,2007-11-30,29.272,29.272,28.764,29.24,4995977
WY,2007-12-03,28.996,29.24,28.752,29.016,3776455
WY,2007-12-04,28.448,29.056,28.4,28.88,3410410
WY,2007-12-05,29.12,29.12,28.248,28.656,4324627
WY,2007-12-06,30.36,30.408,28.936,29.108,5035210
WY,2007-12-07,30.212,30.6,30.008,30.356,3746125
WY,2007-12-10,31.072,31.092,30.108,30.236,3528577
WY,2007-12-11,29.64,31.2,29.6,31.108,4734815
WY,2007-12-12,29.552,30.468,29.072,30.244,3860830
WY,2007-12-13,29.804,29.856,28.896,29.404,4065927
WY,2007-12-14,28.996,29.596,28.82,29.544,4129299
WY,2007-12-17,28.088,29.088,28.048,28.812,5572577
WY,2007-12-18,28.312,28.604,27.844,28.236,3340520
WY,2007-12-19,28.308,28.564,28.144,28.472,2420145
WY,2007-12-20,28.592,28.744,28.004,28.5,2883892
WY,2007-12-21,29.636,29.728,28.956,28.984,7376755
WY,2007-12-24,29.652,30.068,29.4,30.068,2269250
WY,2007-12-25,29.652,30.068,29.4,30.068,0
WY,2007-12-26,29.416,29.572,29.168,29.532,1763980
WY,2007-12-27,29.2,29.46,28.908,29.036,2853687
WY,2007-12-28,29.432,29.512,28.76,29.276,2711230
WY,2007-12-31,29.496,29.684,29.12,29.224,2991102
WY,2008-01-01,29.496,29.684,29.12,29.224,0
WY,2008-01-02,28.608,29.5,28.456,29.38,4668677
WY,2008-01-03,28.88,29.06,28.6,28.792,5395500
WY,2008-01-04,27.448,28.664,27.448,28.664,7471222
WY,2008-01-07,27.252,28.048,27.052,27.56,6373132
WY,2008-01-08,26.68,27.932,26.576,27.48,9482452
WY,2008-01-09,26.564,26.592,25.816,26.56,9658872
WY,2008-01-10,26.892,27.16,25.948,26.2,7169680
WY,2008-01-11,26.4,26.796,26.148,26.54,5187250
WY,2008-01-14,27.064,27.144,26.276,26.66,4245500
WY,2008-01-15,26.02,26.832,26.0,26.784,4492535
WY,2008-01-16,25.936,26.484,25.672,25.952,6677802
WY,2008-01-17,25.24,26.324,25.14,26.1,5889897
WY,2008-01-18,25.372,26.836,25.088,25.512,9720052
WY,2008-01-21,25.372,26.836,25.088,25.512,0
WY,2008-01-22,25.076,25.6,24.236,24.528,10026402
WY,2008-01-23,26.048,26.168,24.008,24.576,10189435
WY,2008-01-24,25.492,26.256,25.292,26.24,8932795
WY,2008-01-25,25.372,26.032,25.084,25.492,5794655
WY,2008-01-28,25.956,25.956,25.136,25.492,4842260
WY,2008-01-29,26.62,26.772,25.952,26.16,3910967
WY,2008-01-30,26.4,27.16,26.04,26.452,4124805
WY,2008-01-31,27.056,27.232,25.788,26.036,5456845
WY,2008-02-01,27.804,27.804,26.932,26.94,6370277
WY,2008-02-04,27.212,28.348,27.136,27.7,3748030
WY,2008-02-05,26.056,26.884,26.056,26.7,3068712
WY,2008-02-06,25.72,26.58,25.66,26.184,3460137
WY,2008-02-07,25.884,26.212,25.54,25.784,4004822
WY,2008-02-08,24.936,25.428,24.44,25.376,9623395
WY,2008-02-11,25.552,25.648,24.884,24.884,4066690
WY,2008-02-12,24.96,25.716,24.852,25.66,6173602
WY,2008-02-13,25.224,25.744,24.8,25.12,6093275
WY,2008-02-14,25.172,25.456,24.808,25.28,7323445
WY,2008-02-15,25.544,25.6,25.092,25.5,5582687
WY,2008-02-18,25.544,25.6,25.092,25.5,0
WY,2008-02-19,25.06,25.96,24.916,25.792,3791705
WY,2008-02-20,25.452,25.452,24.568,24.86,5283025
WY,2008-02-21,24.988,25.856,24.912,25.452,3847575
WY,2008-02-22,25.352,25.368,24.656,25.152,6604907
WY,2008-02-25,26.152,26.216,25.08,25.176,5456475
WY,2008-02-26,26.152,26.376,25.74,26.044,4519565
WY,2008-02-27,25.86,26.248,25.7611,25.96,3930017
WY,2008-02-28,25.316,25.832,25.196,25.624,3625357
WY,2008-02-29,24.48,25.276,24.34,25.2,6613147
WY,2008-03-03,24.932,25.064,24.4,24.4,2784497
WY,2008-03-04,24.664,24.76,24.0,24.664,12099370
WY,2008-03-05,25.248,25.28,24.488,24.716,6045380
WY,2008-03-06,24.428,25.116,24.408,25.076,6094370
WY,2008-03-07,24.036,24.856,23.932,24.28,10880500
WY,2008-03-10,23.596,24.104,23.3,24.104,8781500
WY,2008-03-11,24.72,25.2,23.856,24.756,10692250
WY,2008-03-12,24.984,25.552,24.588,24.728,8348282
WY,2008-03-13,25.268,25.356,23.808,24.592,7275762
WY,2008-03-14,24.788,25.4,24.388,25.34,6636775
WY,2008-03-17,25.224,25.924,24.4,25.08,13028170
WY,2008-03-18,25.752,25.772,24.86,25.524,10202277
WY,2008-03-19,24.94,26.028,24.94,25.792,6523167
WY,2008-03-20,25.34,25.392,24.496,25.096,9309157
WY,2008-03-21,25.34,25.392,24.496,25.096,0
WY,2008-03-24,25.968,26.2,25.38,25.396,8617385
WY,2008-03-25,26.52,26.78,25.78,26.0,6857000
WY,2008-03-26,26.128,26.596,25.804,26.436,4309750
WY,2008-03-27,25.808,26.424,25.7,26.24,4545072
WY,2008-03-28,25.48,26.084,25.352,25.96,3869250
WY,2008-03-31,26.016,26.12,25.276,25.276,4048750
WY,2008-04-01,26.74,26.9,26.048,26.396,5828942
WY,2008-04-02,26.58,26.84,26.34,26.74,7008005
WY,2008-04-03,26.596,26.888,26.048,26.476,5517202
WY,2008-04-04,26.248,26.756,26.056,26.676,4726810
WY,2008-04-07,26.0,26.592,25.948,26.288,3652155
WY,2008-04-08,26.028,26.256,25.72,25.868,2959500
WY,2008-04-09,25.296,26.132,25.232,26.096,3817195
WY,2008-04-10,24.928,25.356,24.796,25.348,3786995
WY,2008-04-11,24.408,24.892,24.32,24.6,3527902
WY,2008-04-14,24.3,24.552,24.252,24.5,1970627
WY,2008-04-15,24.436,24.684,24.028,24.416,3687615
WY,2008-04-16,25.272,25.36,24.636,24.684,4098082
WY,2008-04-17,25.224,25.532,24.976,25.244,3577800
WY,2008-04-18,25.684,25.952,25.34,25.604,3707747
WY,2008-04-21,25.464,25.624,25.28,25.576,3583200
WY,2008-04-22,24.976,25.396,24.756,25.324,5347537
WY,2008-04-23,24.964,25.228,24.676,25.024,4336605
WY,2008-04-24,25.368,25.608,24.744,24.952,4301750
WY,2008-04-25,26.388,26.48,25.3,25.496,4573800
WY,2008-04-28,26.304,26.464,25.956,26.4,3497910
WY,2008-04-29,25.888,26.36,25.804,26.152,4914652
WY,2008-04-30,25.552,25.888,25.268,25.884,5474432
WY,2008-05-01,25.856,25.968,25.184,25.48,4366515
WY,2008-05-02,25.472,26.276,25.296,25.82,6103355
WY,2008-05-05,25.148,25.568,24.956,25.272,4219900
WY,2008-05-06,25.6,25.708,24.8,24.876,5506545
WY,2008-05-07,25.216,25.884,25.2,25.6,4415325
WY,2008-05-08,25.456,25.516,24.928,25.364,4662807
WY,2008-05-09,25.072,25.328,24.944,25.12,4087810
WY,2008-05-12,25.66,25.68,25.0,25.188,3427465
WY,2008-05-13,25.736,25.896,25.54,25.776,3115017
WY,2008-05-14,25.936,26.136,25.7,25.82,3910417
WY,2008-05-15,26.8,26.904,26.316,26.608,11159722
WY,2008-05-16,26.928,27.12,26.572,26.796,5189222
WY,2008-05-19,26.752,27.224,26.604,27.032,4702042
WY,2008-05-20,26.58,26.68,26.316,26.54,3055307
WY,2008-05-21,25.912,26.66,25.808,26.64,3853780
WY,2008-05-22,26.108,26.34,25.896,26.048,2612140
WY,2008-05-23,25.62,26.036,25.432,26.036,5023482
WY,2008-05-26,25.62,26.036,25.432,26.036,0
WY,2008-05-27,26.132,26.188,25.524,25.524,4639952
WY,2008-05-28,27.076,27.268,26.276,26.312,7433362
WY,2008-05-29,26.976,27.276,26.752,27.148,7145200
WY,2008-05-30,24.932,27.46,24.636,26.928,21031890
WY,2008-06-02,24.532,24.776,24.196,24.568,12880977
WY,2008-06-03,24.208,24.9,23.904,24.54,7443767
WY,2008-06-04,24.088,24.444,23.968,24.308,4915875
WY,2008-06-05,24.388,24.388,24.004,24.224,4681082
WY,2008-06-06,23.292,24.24,23.292,24.212,7309457
WY,2008-06-09,22.56,23.38,22.364,23.324,9857225
WY,2008-06-10,22.588,22.644,22.28,22.4,6144750
WY,2008-06-11,21.996,22.588,21.924,22.588,5886497
WY,2008-06-12,22.344,22.608,22.064,22.064,4993377
WY,2008-06-13,22.652,22.696,22.1,22.16,6327297
WY,2008-06-16,23.096,23.156,22.356,22.68,5634075
WY,2008-06-17,22.384,23.22,22.384,23.216,4955040
WY,2008-06-18,22.156,22.424,22.024,22.332,5157047
WY,2008-06-19,21.968,22.432,21.888,22.228,5683155
WY,2008-06-20,21.1,21.9,20.988,21.84,11977212
WY,2008-06-23,21.228,21.58,20.904,21.296,6018125
WY,2008-06-24,21.0,21.308,20.728,21.192,7143840
WY,2008-06-25,21.136,21.504,20.956,21.12,4534915
WY,2008-06-26,20.076,21.084,20.068,20.94,7126035
WY,2008-06-27,20.152,20.436,19.92,20.14,8205204
WY,2008-06-30,20.456,20.856,19.98,20.144,7687887
WY,2008-07-01,20.172,20.528,19.88,20.28,7590715
WY,2008-07-02,19.84,20.68,19.84,20.288,6878100
WY,2008-07-03,19.772,20.188,19.644,20.012,3003202
WY,2008-07-04,19.772,20.188,19.644,20.012,0
WY,2008-07-07,19.8,20.132,19.612,19.94,8859590
WY,2008-07-08,20.216,20.216,19.6,19.704,4627385
WY,2008-07-09,19.488,20.424,19.488,20.116,4234062
WY,2008-07-10,19.732,19.952,19.204,19.452,4417552
WY,2008-07-11,19.132,19.508,18.8,19.472,6552787
WY,2008-07-14,18.908,19.488,18.804,19.488,5486512
WY,2008-07-15,18.92,19.29,18.476,18.796,6530035
WY,2008-07-16,19.608,19.648,18.66,18.952,5174755
WY,2008-07-17,20.456,20.5,19.276,19.676,7125187
WY,2008-07-18,20.456,21.032,20.172,20.62,9225442
WY,2008-07-21,20.224,20.564,20.056,20.4,3158782
WY,2008-07-22,20.844,20.856,19.832,20.12,3679862
WY,2008-07-23,20.724,21.628,20.496,20.896,6970360
WY,2008-07-24,20.072,20.896,20.056,20.812,3945245
WY,2008-07-25,20.02,20.332,19.68,20.308,3061117
WY,2008-07-28,19.752,20.396,19.736,19.82,2583042
WY,2008-07-29,20.32,20.576,19.66,19.66,4837147
WY,2008-07-30,20.3,20.492,19.988,20.252,4480857
WY,2008-07-31,21.384,21.484,20.22,20.364,10482760
WY,2008-08-01,22.312,22.76,21.472,21.54,17063280
WY,2008-08-04,21.824,22.408,21.816,22.408,7570150
WY,2008-08-05,21.584,23.4,21.468,22.42,10863830
WY,2008-08-06,20.56,21.924,20.304,21.52,9848252
WY,2008-08-07,19.74,20.568,19.584,20.312,7186062
WY,2008-08-08,20.22,20.396,19.544,19.612,6277310
WY,2008-08-11,20.812,20.856,19.952,20.224,7961495
WY,2008-08-12,20.916,21.184,20.568,20.908,5020722
WY,2008-08-13,20.684,20.98,20.264,20.792,4661200
WY,2008-08-14,20.84,21.088,20.2,20.4,4524050
WY,2008-08-15,22.004,22.24,21.216,21.3,10011550
WY,2008-08-18,21.188,22.132,21.052,22.132,5220502
WY,2008-08-19,20.3,21.072,20.228,21.072,6209017
WY,2008-08-20,20.472,20.528,20.016,20.504,5367377
WY,2008-08-21,20.864,21.016,20.2,20.2,3425015
WY,2008-08-22,21.292,21.34,20.704,20.964,3204430
WY,2008-08-25,20.552,21.24,20.38,21.192,4203782
WY,2008-08-26,20.896,20.924,20.396,20.592,3943257
WY,2008-08-27,21.312,21.484,20.964,20.968,3701902
WY,2008-08-28,22.636,22.712,21.404,21.476,10300957
WY,2008-08-29,22.196,22.6,22.084,22.388,5128750
WY,2008-09-01,22.196,22.6,22.084,22.388,0
WY,2008-09-02,22.24,23.012,22.228,22.7,6237922
WY,2008-09-03,22.52,22.588,22.012,22.152,4607285
WY,2008-09-04,21.5,22.492,21.424,22.4,5023055
WY,2008-09-05,21.856,21.956,20.8,21.38,6340290
WY,2008-09-08,22.772,22.928,22.36,22.428,10363125
WY,2008-09-09,21.352,23.168,21.284,22.464,8389062
WY,2008-09-10,22.072,22.48,21.26,21.632,5810342
WY,2008-09-11,22.52,22.532,21.496,21.756,6531215
WY,2008-09-12,22.724,22.768,22.1,22.396,4547845
WY,2008-09-15,21.912,22.84,21.752,22.004,6515167
WY,2008-09-16,22.52,22.564,21.052,21.436,14242980
WY,2008-09-17,21.996,23.1,21.656,22.176,10595410
WY,2008-09-18,22.928,23.692,22.208,22.38,13246312
WY,2008-09-19,24.916,26.2,23.736,24.0,16762907
WY,2008-09-22,24.212,25.0,24.0,24.784,7086525
WY,2008-09-23,24.384,25.128,24.144,24.144,6676110
WY,2008-09-24,24.36,24.864,23.9,24.62,4304712
WY,2008-09-25,25.092,25.36,24.4,24.4,5259110
WY,2008-09-26,24.928,25.08,24.284,24.724,4463205
WY,2008-09-29,23.26,24.98,23.004,24.496,10379895
WY,2008-09-30,24.232,24.232,23.12,23.944,7721005
WY,2008-10-01,23.844,24.3,23.548,23.788,5557345
WY,2008-10-02,23.184,23.916,23.104,23.612,3811640
WY,2008-10-03,22.72,23.86,22.4,23.544,5205507
WY,2008-10-06,21.928,22.396,20.58,22.084,9444240
WY,2008-10-07,20.148,22.42,19.764,22.2,7879012
WY,2008-10-08,20.508,21.404,19.452,19.8,9924960
WY,2008-10-09,19.18,21.352,19.084,20.436,6892480
WY,2008-10-10,18.768,19.512,17.38,18.04,12215237
WY,2008-10-13,19.392,19.76,18.58,19.656,12107142
WY,2008-10-14,18.624,20.396,17.756,19.908,13958050
WY,2008-10-15,15.428,18.648,14.856,18.648,15192832
WY,2008-10-16,15.504,15.676,12.948,15.536,20794487
WY,2008-10-17,15.908,16.58,14.888,15.1,10705622
WY,2008-10-20,17.048,17.08,15.948,16.088,7072887
WY,2008-10-21,16.344,16.936,16.204,16.776,5737932
WY,2008-10-22,15.004,16.156,14.392,15.932,8859950
WY,2008-10-23,13.988,15.46,13.608,15.272,13118155
WY,2008-10-24,12.236,13.484,11.812,13.2,19680932
WY,2008-10-27,12.024,12.536,11.864,11.96,8587700
WY,2008-10-28,13.712,13.712,12.236,12.532,8075702
WY,2008-10-29,15.204,16.04,13.412,13.704,13628832
WY,2008-10-30,15.472,15.912,14.94,15.912,6514665
WY,2008-10-31,15.288,15.84,14.128,14.8,5896350
WY,2008-11-03,14.76,15.564,14.4,15.564,4394447
WY,2008-11-04,15.316,15.896,14.8,15.108,5980247
WY,2008-11-05,13.32,14.8,13.092,14.8,8611055
WY,2008-11-06,12.62,13.768,12.476,13.14,6486522
WY,2008-11-07,13.088,13.088,12.4,12.696,4254730
WY,2008-11-10,13.024,13.448,12.684,13.3,5478245
WY,2008-11-11,12.892,13.456,12.392,12.808,7159172
WY,2008-11-12,12.568,12.996,12.404,12.628,7700140
WY,2008-11-13,14.128,14.16,12.56,12.68,8190942
WY,2008-11-14,13.112,14.0,12.992,14.0,4659467
WY,2008-11-17,12.752,13.196,12.3,12.884,4608475
WY,2008-11-18,12.928,12.964,12.368,12.772,5340430
WY,2008-11-19,12.1,13.2,12.052,12.752,5037480
WY,2008-11-20,11.576,12.96,11.472,12.016,9093477
WY,2008-11-21,12.668,12.836,11.52,11.844,8227895
WY,2008-11-24,13.864,14.24,12.808,12.992,6646970
WY,2008-11-25,14.124,14.54,13.348,14.232,4434210
WY,2008-11-26,15.268,15.328,13.776,13.856,4238515
WY,2008-11-27,15.268,15.328,13.776,13.856,0
WY,2008-11-28,15.048,15.328,14.42,14.968,2552500
WY,2008-12-01,13.58,14.808,13.04,14.808,5231635
WY,2008-12-02,13.792,13.988,13.2,13.812,4522240
WY,2008-12-03,14.476,14.536,13.208,13.544,5048062
WY,2008-12-04,14.168,15.064,13.828,14.192,4007527
WY,2008-12-05,14.156,14.244,13.072,14.12,5304915
WY,2008-12-08,14.392,15.176,14.168,14.52,7310615
WY,2008-12-09,14.368,15.16,13.792,13.792,5171760
WY,2008-12-10,15.028,15.28,14.44,14.512,3674312
WY,2008-12-11,14.5,15.552,14.18,14.852,6330262
WY,2008-12-12,15.104,15.188,14.012,14.32,4901587
WY,2008-12-15,14.756,15.376,14.304,15.216,4235332
WY,2008-12-16,16.16,16.28,14.58,14.904,5218460
WY,2008-12-17,16.044,16.296,15.592,15.988,3464917
WY,2008-12-18,14.852,16.34,14.608,16.124,4870497
WY,2008-12-19,13.436,14.904,13.204,14.904,11272835
WY,2008-12-22,12.792,13.54,12.628,13.456,7385492
WY,2008-12-23,12.228,13.468,12.0,13.468,8834485
WY,2008-12-24,12.26,12.32,12.07,12.268,3148242
WY,2008-12-25,12.26,12.32,12.07,12.268,0
WY,2008-12-26,12.224,12.356,12.104,12.356,2814180
WY,2008-12-29,11.98,12.196,11.76,12.188,4949120
WY,2008-12-30,12.256,12.356,11.916,11.916,4294202
WY,2008-12-31,12.244,12.376,11.996,12.244,7936462
WY,2009-01-01,12.244,12.376,11.996,12.244,0
WY,2009-01-02,12.756,12.832,12.124,12.54,7886597
WY,2009-01-05,12.772,13.036,12.336,12.7,6347957
WY,2009-01-06,12.812,13.016,12.484,12.976,7975372
WY,2009-01-07,12.504,12.876,12.352,12.604,5345422
WY,2009-01-08,12.8,12.808,12.02,12.464,6055532
WY,2009-01-09,12.392,12.828,12.292,12.792,4389347
WY,2009-01-12,11.984,12.372,11.728,12.372,6396297
WY,2009-01-13,11.612,12.264,11.288,11.912,8934392
WY,2009-01-14,11.036,11.34,10.836,11.26,8502345
WY,2009-01-15,11.58,11.752,10.712,11.064,8539257
WY,2009-01-16,11.752,11.868,11.448,11.724,6836317
WY,2009-01-19,11.752,11.868,11.448,11.724,0
WY,2009-01-20,10.664,11.732,10.6167,11.7,7808155
WY,2009-01-21,11.176,11.2,10.488,10.728,7998477
WY,2009-01-22,11.096,11.376,10.7,10.96,5176442
WY,2009-01-23,11.216,11.528,10.8,10.86,4784255
WY,2009-01-26,11.224,11.676,11.04,11.28,5498337
WY,2009-01-27,11.484,11.564,11.104,11.28,5122397
WY,2009-01-28,12.156,12.272,11.604,11.704,4885432
WY,2009-01-29,11.48,12.048,11.356,12.048,4536475
WY,2009-01-30,10.936,11.644,10.804,11.544,5434355
WY,2009-02-02,10.612,10.848,10.382,10.8,5938130
WY,2009-02-03,11.044,11.112,10.528,10.612,5537530
WY,2009-02-04,11.3,11.728,11.036,11.144,7321410
WY,2009-02-05,10.944,11.412,10.728,11.112,8226990
WY,2009-02-06,11.212,11.34,10.12,10.44,18031187
WY,2009-02-09,11.468,11.936,11.1,11.22,7367680
WY,2009-02-10,10.62,11.468,10.452,11.328,10828527
WY,2009-02-11,10.504,10.876,10.236,10.78,4887480
WY,2009-02-12,10.664,10.688,10.176,10.42,6475497
WY,2009-02-13,10.448,10.8,10.432,10.756,4208830
WY,2009-02-16,10.448,10.8,10.432,10.756,0
WY,2009-02-17,10.1,10.288,9.924,10.112,6247345
WY,2009-02-18,10.108,10.324,9.908,10.168,5114950
WY,2009-02-19,9.864,10.3,9.792,10.2,5158622
WY,2009-02-20,9.968,10.076,9.54,9.62,7745945
WY,2009-02-23,9.636,10.124,9.588,9.888,8043672
WY,2009-02-24,10.432,10.504,9.576,9.728,7326315
WY,2009-02-25,10.332,10.572,10.068,10.356,7359355
WY,2009-02-26,10.08,10.748,10.012,10.44,5587620
WY,2009-02-27,9.664,10.032,9.612,10.0,7102660
WY,2009-03-02,8.788,9.616,8.716,9.436,8803147
WY,2009-03-03,8.312,8.992,8.264,8.916,10073680
WY,2009-03-04,8.38,8.584,8.088,8.58,8783345
WY,2009-03-05,7.78,8.184,7.668,8.072,8046770
WY,2009-03-06,7.744,8.102,7.468,7.78,7586935
WY,2009-03-09,7.788,7.848,7.528,7.66,6083060
WY,2009-03-10,8.572,8.596,7.872,7.908,7896445
WY,2009-03-11,8.696,8.82,8.524,8.668,7089472
WY,2009-03-12,9.172,9.212,8.5172,8.676,8293367
WY,2009-03-13,9.528,9.592,9.156,9.204,5880287
WY,2009-03-16,9.972,10.54,9.708,9.712,9806792
WY,2009-03-17,10.684,10.696,9.928,9.956,8511962
WY,2009-03-18,11.14,11.16,10.524,10.624,9515397
WY,2009-03-19,11.2,11.64,11.152,11.264,12978052
WY,2009-03-20,10.608,11.224,10.476,11.224,8723770
WY,2009-03-23,11.364,11.364,10.668,10.904,5670797
WY,2009-03-24,11.36,11.7,11.064,11.22,6235070
WY,2009-03-25,11.628,11.964,11.1,11.636,7903837
WY,2009-03-26,11.964,11.98,11.552,11.784,5437632
WY,2009-03-27,11.532,11.92,11.376,11.92,4456180
WY,2009-03-30,10.896,11.38,10.744,11.216,4195100
WY,2009-03-31,11.028,11.2,10.776,11.032,5157807
WY,2009-04-01,11.292,11.344,10.644,10.88,5172700
WY,2009-04-02,11.992,12.152,11.488,11.604,5202195
WY,2009-04-03,12.424,12.452,11.812,12.024,5119162
WY,2009-04-06,12.376,12.424,11.996,12.296,4954170
WY,2009-04-07,11.748,12.24,11.652,12.148,5090302
WY,2009-04-08,11.356,11.884,11.024,11.884,6940552
WY,2009-04-09,12.604,12.624,11.696,11.708,7775090
WY,2009-04-10,12.604,12.624,11.696,11.708,0
WY,2009-04-13,12.904,12.952,12.168,12.452,5177457
WY,2009-04-14,12.064,12.82,11.9,12.82,7325742
WY,2009-04-15,12.348,12.364,11.924,12.004,6952415
WY,2009-04-16,12.968,13.18,12.188,12.412,6567152
WY,2009-04-17,13.78,13.92,12.908,12.908,8139337
WY,2009-04-20,13.032,14.188,13.0,13.952,8714085
WY,2009-04-21,13.672,13.852,12.608,12.896,5268500
WY,2009-04-22,13.968,14.452,13.396,13.52,6639092
WY,2009-04-23,14.504,14.528,13.728,13.94,6606917
WY,2009-04-24,15.056,15.266,14.328,14.504,6848375
WY,2009-04-27,14.516,15.092,14.304,14.808,6825295
WY,2009-04-28,13.828,14.276,13.012,13.736,8889072
WY,2009-04-29,13.96,14.432,13.772,13.972,6098195
WY,2009-04-30,14.104,14.42,13.812,14.212,5961305
WY,2009-05-01,13.912,14.14,13.736,14.132,5388962
WY,2009-05-04,14.408,14.416,13.88,14.196,7936725
WY,2009-05-05,14.708,15.172,13.7,13.712,10861772
WY,2009-05-06,14.436,15.056,14.004,14.936,6819350
WY,2009-05-07,13.336,14.796,13.164,14.664,6238242
WY,2009-05-08,14.264,14.344,13.492,13.504,8181872
WY,2009-05-11,13.48,14.212,13.444,14.212,3912705
WY,2009-05-12,13.588,13.796,13.132,13.612,4542905
WY,2009-05-13,12.508,13.516,12.468,13.512,6446357
WY,2009-05-14,12.648,12.952,12.36,12.52,4452915
WY,2009-05-15,12.58,13.176,12.408,12.548,5096682
WY,2009-05-18,13.264,13.436,12.7,12.7,5494537
WY,2009-05-19,13.384,13.488,13.088,13.152,6225790
WY,2009-05-20,13.0,13.948,12.886,13.684,5317875
WY,2009-05-21,12.732,12.912,12.484,12.764,4618372
WY,2009-05-22,12.976,13.184,12.732,12.792,4646797
WY,2009-05-25,12.976,13.184,12.732,12.792,0
WY,2009-05-26,13.488,13.54,12.776,12.816,4906812
WY,2009-05-27,12.904,13.56,12.872,13.444,5152612
WY,2009-05-28,13.356,13.38,12.776,13.024,4467917
WY,2009-05-29,13.432,13.672,13.12,13.364,6435250
WY,2009-06-01,14.224,14.304,13.504,13.624,4669700
WY,2009-06-02,14.324,14.55,14.172,14.172,6404232
WY,2009-06-03,14.016,14.26,13.796,14.176,4341400
WY,2009-06-04,14.144,14.204,13.6,14.096,4295687
WY,2009-06-05,13.704,14.536,13.612,14.428,4500600
WY,2009-06-08,13.64,13.768,13.424,13.684,4189707
WY,2009-06-09,13.624,13.912,13.58,13.66,3734422
WY,2009-06-10,13.68,13.94,13.496,13.728,5198525
WY,2009-06-11,13.816,14.028,13.544,13.676,4833255
WY,2009-06-12,13.672,13.72,13.404,13.664,3419435
WY,2009-06-15,13.08,13.692,12.972,13.508,3802010
WY,2009-06-16,12.488,13.048,12.3,13.048,5955657
WY,2009-06-17,11.692,12.604,11.628,12.604,8686757
WY,2009-06-18,11.624,12.048,11.562,11.74,7024477
WY,2009-06-19,11.556,11.824,11.4,11.812,6986715
WY,2009-06-22,11.16,11.692,11.156,11.372,6613240
WY,2009-06-23,11.496,11.652,11.092,11.128,5807747
WY,2009-06-24,12.06,12.396,11.544,11.564,8572840
WY,2009-06-25,12.252,12.412,11.716,12.084,5902835
WY,2009-06-26,12.064,12.276,11.984,12.212,3426680
WY,2009-06-29,12.24,12.296,11.992,12.1,3025565
WY,2009-06-30,12.172,12.468,11.988,12.26,5482427
WY,2009-07-01,12.308,12.552,12.124,12.28,3829720
WY,2009-07-02,11.804,12.188,11.8,12.104,3927980
WY,2009-07-03,11.804,12.188,11.8,12.104,0
WY,2009-07-06,11.996,12.012,11.64,11.68,3776087
WY,2009-07-07,11.144,11.768,11.108,11.456,9336857
WY,2009-07-08,11.072,11.36,10.828,11.16,9036632
WY,2009-07-09,11.152,11.276,10.96,11.188,3871025
WY,2009-07-10,11.188,11.3,10.872,11.084,4264855
WY,2009-07-13,11.636,11.668,10.992,11.32,5566637
WY,2009-07-14,11.616,11.712,11.32,11.656,3119150
WY,2009-07-15,12.168,12.212,11.764,11.768,4492457
WY,2009-07-16,12.216,12.396,11.976,12.176,3488357
WY,2009-07-17,12.256,12.356,12.0,12.092,4612687
WY,2009-07-20,12.708,12.712,12.18,12.364,5167110
WY,2009-07-21,12.78,13.064,12.476,12.844,4317065
WY,2009-07-22,12.944,13.072,12.648,12.656,4318147
WY,2009-07-23,13.972,14.06,12.968,12.98,10680015
WY,2009-07-24,13.9,13.996,13.556,13.868,4203115
WY,2009-07-27,14.168,14.204,13.764,13.912,3821510
WY,2009-07-28,13.944,14.104,13.696,13.992,4575817
WY,2009-07-29,13.872,13.924,13.604,13.788,4037607
WY,2009-07-30,14.248,14.408,13.924,14.064,7236135
WY,2009-07-31,14.016,14.74,13.904,14.16,7657215
WY,2009-08-03,14.608,14.86,14.078,14.28,6421570
WY,2009-08-04,14.644,14.756,13.992,14.116,7078147
WY,2009-08-05,14.976,15.036,14.56,14.844,5174357
WY,2009-08-06,14.876,15.16,14.752,14.996,3795335
WY,2009-08-07,15.324,15.8,14.98,14.98,5855612
WY,2009-08-10,14.772,15.02,14.7,15.0,7385970
WY,2009-08-11,14.232,14.9,14.08,14.9,8598030
WY,2009-08-12,14.744,14.916,14.232,14.248,6553995
WY,2009-08-13,14.872,15.028,14.576,14.864,3262580
WY,2009-08-14,14.384,14.8,14.0,14.8,6071225
WY,2009-08-17,13.9,14.176,13.844,14.076,4779327
WY,2009-08-18,14.024,14.064,13.812,13.976,4252472
WY,2009-08-19,14.248,14.488,13.804,13.896,3842692
WY,2009-08-20,14.32,14.376,14.124,14.264,2548792
WY,2009-08-21,14.808,14.924,14.356,14.516,4943527
WY,2009-08-24,14.528,14.98,14.444,14.916,3492790
WY,2009-08-25,14.584,14.924,14.508,14.676,4436572
WY,2009-08-26,14.716,14.996,14.444,14.616,4262400
WY,2009-08-27,14.932,14.976,14.332,14.632,3787670
WY,2009-08-28,15.116,15.192,14.768,15.056,3844227
WY,2009-08-31,14.956,15.0,14.68,14.864,4011957
WY,2009-09-01,14.34,15.168,14.296,14.912,7020222
WY,2009-09-02,14.424,14.564,14.156,14.26,4938692
WY,2009-09-03,14.7,14.728,14.1184,14.516,5032090
WY,2009-09-04,14.836,14.86,14.504,14.66,3934642
WY,2009-09-07,14.836,14.86,14.504,14.66,0
WY,2009-09-08,14.656,15.084,14.596,15.084,5389272
WY,2009-09-09,14.708,14.884,14.54,14.644,4656907
WY,2009-09-10,14.8,14.848,14.416,14.552,5036747
WY,2009-09-11,14.916,15.252,14.604,14.844,13687190
WY,2009-09-14,15.836,15.864,14.76,14.796,10338175
WY,2009-09-15,15.752,16.1738,15.28,15.82,11480232
WY,2009-09-16,15.948,15.964,15.444,15.688,6102195
WY,2009-09-17,15.476,16.144,15.368,16.0,7059747
WY,2009-09-18,15.86,15.952,15.508,15.52,6752277
WY,2009-09-21,15.404,15.872,15.212,15.632,5114305
WY,2009-09-22,15.54,15.712,15.448,15.576,3482077
WY,2009-09-23,15.252,15.708,15.232,15.556,3459410
WY,2009-09-24,14.56,15.344,14.5,15.344,6271155
WY,2009-09-25,14.78,14.932,14.444,14.456,4689485
WY,2009-09-28,14.94,15.064,14.632,14.788,2366925
WY,2009-09-29,14.952,15.288,14.904,14.94,3053582
WY,2009-09-30,14.66,15.044,14.44,15.008,6249660
WY,2009-10-01,14.272,14.64,14.272,14.516,7667985
WY,2009-10-02,14.032,14.244,13.872,14.244,8095499
WY,2009-10-05,14.128,14.224,13.748,14.104,5879515
WY,2009-10-06,14.26,14.456,14.1,14.352,5402715
WY,2009-10-07,13.952,14.3,13.86,14.216,5119020
WY,2009-10-08,14.592,14.648,14.036,14.156,10180110
WY,2009-10-09,14.54,14.68,14.444,14.608,6303537
WY,2009-10-12,14.732,14.96,14.552,14.574,4659570
WY,2009-10-13,15.088,15.14,14.704,14.74,4824832
WY,2009-10-14,15.692,15.74,15.216,15.216,7056532
WY,2009-10-15,16.0,16.016,15.564,15.624,6630067
WY,2009-10-16,16.044,16.088,15.6042,15.916,7660105
WY,2009-10-19,16.268,16.4,16.0,16.004,6539467
WY,2009-10-20,16.264,16.296,15.992,16.216,5257942
WY,2009-10-21,16.104,16.512,16.076,16.2,6150792
WY,2009-10-22,16.332,16.4,15.784,16.104,5585790
WY,2009-10-23,15.792,16.332,15.6844,16.332,3820212
WY,2009-10-26,15.372,16.18,15.284,15.752,5531740
WY,2009-10-27,15.272,15.576,15.22,15.332,5453502
WY,2009-10-28,14.484,15.4,14.404,15.156,8329599
WY,2009-10-29,15.008,15.148,14.56,14.708,6594945
WY,2009-10-30,14.536,15.164,14.352,15.052,7855152
WY,2009-11-02,14.664,15.016,14.328,14.692,6946215
WY,2009-11-03,14.7,14.824,14.48,14.548,5684212
WY,2009-11-04,14.62,15.164,14.58,14.812,5180130
WY,2009-11-05,15.112,15.22,14.744,14.744,5575465
WY,2009-11-06,15.048,15.196,14.716,14.896,3795852
WY,2009-11-09,15.528,15.548,15.1,15.1,3220227
WY,2009-11-10,15.52,15.572,15.2364,15.448,3046620
WY,2009-11-11,15.56,15.8,15.408,15.672,2961197
WY,2009-11-12,15.248,15.64,15.176,15.512,3245995
WY,2009-11-13,15.344,15.448,15.172,15.292,2628157
WY,2009-11-16,15.836,15.9,15.436,15.436,4131305
WY,2009-11-17,15.832,15.88,15.56,15.804,3013377
WY,2009-11-18,15.768,15.852,15.496,15.832,3126875
WY,2009-11-19,15.512,15.624,15.332,15.58,3584455
WY,2009-11-20,15.144,15.496,15.0,15.356,4954280
WY,2009-11-23,15.644,15.772,15.36,15.432,4374942
WY,2009-11-24,15.332,15.732,15.3,15.648,4082767
WY,2009-11-25,15.536,15.676,15.28,15.38,2051965
WY,2009-11-26,15.536,15.676,15.28,15.38,0
WY,2009-11-27,15.076,15.192,14.936,15.084,1958285
WY,2009-11-30,15.576,15.596,14.872,15.048,5825637
WY,2009-12-01,16.196,16.248,15.636,15.636,7215525
WY,2009-12-02,16.576,16.636,16.076,16.076,4824990
WY,2009-12-03,16.86,17.608,16.812,16.98,9336297
WY,2009-12-04,17.016,17.4,16.716,16.984,4829315
WY,2009-12-07,16.888,17.092,16.8,16.932,3532825
WY,2009-12-08,16.612,16.952,16.512,16.936,2950275
WY,2009-12-09,16.748,16.82,16.444,16.64,2898752
WY,2009-12-10,16.54,16.88,16.488,16.844,2638707
WY,2009-12-11,16.816,16.84,16.524,16.636,2335847
WY,2009-12-14,17.004,17.036,16.756,16.932,2339117
WY,2009-12-15,17.244,18.72,17.08,18.568,23152517
WY,2009-12-16,17.596,17.944,17.504,17.572,10063787
WY,2009-12-17,17.196,17.584,17.196,17.452,3881632
WY,2009-12-18,17.12,17.336,16.924,17.104,5515030
WY,2009-12-21,17.244,17.38,17.12,17.128,2772567
WY,2009-12-22,17.444,17.476,17.196,17.236,3352567
WY,2009-12-23,17.544,17.588,17.28,17.564,2090320
WY,2009-12-24,17.66,17.692,17.544,17.6,724215
WY,2009-12-25,17.66,17.692,17.544,17.6,0
WY,2009-12-28,17.484,17.732,17.344,17.676,1556935
WY,2009-12-29,17.596,17.66,17.436,17.592,1900465
WY,2009-12-30,17.544,17.544,17.354,17.42,1615950
WY,2009-12-31,17.256,17.628,17.22,17.584,1754890
WY,2010-01-01,17.256,17.628,17.22,17.584,0
WY,2010-01-04,17.712,17.772,17.376,17.556,4583237
WY,2010-01-05,18.088,18.096,17.476,17.716,4311022
WY,2010-01-06,17.888,18.092,17.58,17.728,5637050
WY,2010-01-07,17.808,17.856,17.504,17.816,3551657
WY,2010-01-08,17.644,17.78,17.48,17.7,3274950
WY,2010-01-11,17.76,17.796,17.512,17.656,2791830
WY,2010-01-12,17.552,17.76,17.332,17.608,2268837
WY,2010-01-13,17.712,17.76,17.368,17.572,1817517
WY,2010-01-14,17.544,17.656,17.384,17.604,1950687
WY,2010-01-15,17.436,17.648,17.36,17.556,3352335
WY,2010-01-18,17.436,17.648,17.36,17.556,0
WY,2010-01-19,17.888,17.896,17.4,17.432,2024932
WY,2010-01-20,17.592,17.852,17.472,17.736,3163567
WY,2010-01-21,16.788,17.648,16.784,17.58,4329387
WY,2010-01-22,16.504,16.904,16.468,16.704,4799600
WY,2010-01-25,16.58,16.86,16.384,16.744,4086565
WY,2010-01-26,16.624,16.8,16.444,16.504,3642305
WY,2010-01-27,16.5,16.576,16.196,16.548,5993617
WY,2010-01-28,16.192,16.66,16.04,16.612,3462157
WY,2010-01-29,15.96,16.6,15.948,16.332,5148395
WY,2010-02-01,16.4,16.404,15.952,16.152,5027490
WY,2010-02-02,16.984,17.032,16.232,16.42,5621065
WY,2010-02-03,16.704,17.012,16.6,16.94,5386792
WY,2010-02-04,16.156,16.716,16.104,16.716,5569405
WY,2010-02-05,15.78,16.104,15.3,16.008,11333205
WY,2010-02-08,15.7,16.088,15.68,15.8,5379812
WY,2010-02-09,15.916,16.104,15.608,15.928,5112175
WY,2010-02-10,15.7,15.952,15.48,15.916,3075432
WY,2010-02-11,15.848,15.876,15.56,15.724,2997315
WY,2010-02-12,15.816,15.844,15.464,15.604,4347002
WY,2010-02-15,15.816,15.844,15.464,15.604,0
WY,2010-02-16,16.192,16.216,15.956,16.008,4069412
WY,2010-02-17,16.128,16.388,15.98,16.32,3846080
WY,2010-02-18,16.24,16.268,16.008,16.068,3505125
WY,2010-02-19,16.516,16.632,16.132,16.304,5040305
WY,2010-02-22,16.52,16.596,16.2,16.596,3922077
WY,2010-02-23,16.408,16.592,16.264,16.464,5028842
WY,2010-02-24,16.816,16.88,16.404,16.524,5338575
WY,2010-02-25,16.492,16.56,16.228,16.46,5736722
WY,2010-02-26,16.16,16.652,16.124,16.584,4478267
WY,2010-03-01,16.688,16.712,16.24,16.24,4557427
WY,2010-03-02,16.968,17.06,16.748,16.86,4315392
WY,2010-03-03,17.108,17.296,16.972,17.064,3707762
WY,2010-03-04,17.012,17.26,16.848,17.2,3053992
WY,2010-03-05,17.352,17.372,17.16,17.204,2417117
WY,2010-03-08,17.436,17.568,17.34,17.372,2604770
WY,2010-03-09,17.42,17.624,17.3,17.324,2552370
WY,2010-03-10,17.2,17.492,17.104,17.424,3442862
WY,2010-03-11,17.516,17.536,17.112,17.148,3011295
WY,2010-03-12,17.472,17.716,17.376,17.6,2455832
WY,2010-03-15,17.348,17.488,17.172,17.456,1971725
WY,2010-03-16,17.856,17.894,17.344,17.46,3950097
WY,2010-03-17,18.128,18.168,17.836,17.88,2943407
WY,2010-03-18,17.928,18.196,17.812,18.152,2563090
WY,2010-03-19,17.748,18.128,17.644,17.908,4189447
WY,2010-03-22,17.984,18.012,17.432,17.58,2145715
WY,2010-03-23,18.128,18.128,17.724,18.0,2636595
WY,2010-03-24,18.0,18.172,17.94,18.052,2214045
WY,2010-03-25,17.664,18.176,17.64,18.116,2808902
WY,2010-03-26,17.72,18.032,17.512,17.74,3347930
WY,2010-03-29,17.952,18.096,17.784,17.792,2190862
WY,2010-03-30,18.1,18.372,17.944,18.056,3648670
WY,2010-03-31,18.108,18.216,17.896,18.024,3228615
WY,2010-04-01,18.24,18.38,18.084,18.248,3594290
WY,2010-04-02,18.24,18.38,18.084,18.248,0
WY,2010-04-05,18.448,18.636,18.24,18.292,2908680
WY,2010-04-06,18.528,18.572,18.284,18.34,4411610
WY,2010-04-07,18.388,18.608,18.264,18.476,4841452
WY,2010-04-08,18.332,18.368,18.132,18.34,4318077
WY,2010-04-09,18.876,18.912,18.228,18.4,5394280
WY,2010-04-12,18.456,18.584,18.36,18.524,5727215
WY,2010-04-13,18.32,18.4,18.26,18.376,4232662
WY,2010-04-14,18.832,18.932,18.336,18.336,4265947
WY,2010-04-15,18.756,18.908,18.668,18.78,2857855
WY,2010-04-16,19.144,19.228,18.7,18.748,6811957
WY,2010-04-19,19.32,19.324,18.856,19.048,5250812
WY,2010-04-20,19.92,20.116,19.46,19.5,7749145
WY,2010-04-21,20.4,20.424,19.912,19.98,7031797
WY,2010-04-22,20.732,20.804,20.024,20.188,9956135
WY,2010-04-23,21.32,21.36,20.576,20.764,11363495
WY,2010-04-26,20.872,21.476,20.788,21.42,6564047
WY,2010-04-27,20.048,20.8,19.964,20.784,7603845
WY,2010-04-28,19.72,20.192,19.6,19.652,11652055
WY,2010-04-29,20.288,20.412,19.932,20.228,7044805
WY,2010-04-30,19.808,20.476,19.804,20.34,5848080
WY,2010-05-03,20.304,20.384,19.812,19.944,4388065
WY,2010-05-04,19.472,19.984,19.264,19.92,5664247
WY,2010-05-05,19.136,19.56,18.912,19.22,5407377
WY,2010-05-06,18.164,19.488,16.8,19.328,10204942
WY,2010-05-07,17.868,18.544,17.584,18.168,8937257
WY,2010-05-10,18.972,19.076,18.508,18.94,6515545
WY,2010-05-11,18.86,19.196,18.572,18.78,5838302
WY,2010-05-12,19.348,19.356,18.924,18.932,4258510
WY,2010-05-13,18.824,19.292,18.74,19.244,3686987
WY,2010-05-14,18.436,18.696,18.216,18.696,4837737
WY,2010-05-17,18.292,18.784,17.868,18.584,5112237
WY,2010-05-18,17.78,18.788,17.648,18.524,6285735
WY,2010-05-19,17.56,17.792,17.096,17.6,7673317
WY,2010-05-20,16.776,17.344,16.776,16.92,8753852
WY,2010-05-21,17.192,17.256,16.256,16.332,7270005
WY,2010-05-24,16.668,17.264,16.616,17.064,4907672
WY,2010-05-25,16.612,16.616,15.94,16.04,8952767
WY,2010-05-26,16.628,17.132,16.604,16.86,6962737
WY,2010-05-27,17.256,17.272,16.864,17.004,7900802
WY,2010-05-28,17.032,17.54,16.908,17.404,5259647
WY,2010-05-31,17.032,17.54,16.908,17.404,0
WY,2010-06-01,16.544,17.12,16.508,16.812,5298940
WY,2010-06-02,16.98,16.984,16.552,16.736,4887280
WY,2010-06-03,16.788,17.1,16.592,17.032,3794310
WY,2010-06-04,16.048,16.576,15.98,16.42,6881575
WY,2010-06-07,15.592,16.076,15.572,16.02,9260547
WY,2010-06-08,15.808,15.848,15.364,15.592,6497477
WY,2010-06-09,15.58,16.108,15.48,16.048,6190612
WY,2010-06-10,16.08,16.116,15.764,15.9,4313102
WY,2010-06-11,16.404,16.44,15.928,16.012,4773417
WY,2010-06-14,16.176,16.708,16.14,16.52,5327252
WY,2010-06-15,16.3,16.34,16.034,16.3,5689607
WY,2010-06-16,15.98,16.2,15.884,16.116,6607067
WY,2010-06-17,15.772,16.096,15.612,16.04,6366527
WY,2010-06-18,15.7,15.884,15.676,15.84,6149872
WY,2010-06-21,15.78,16.088,15.692,16.028,7673945
WY,2010-06-22,15.224,15.936,15.18,15.776,5570137
WY,2010-06-23,15.524,15.592,15.024,15.164,7956207
WY,2010-06-24,14.92,15.488,14.896,15.392,11576532
WY,2010-06-25,14.92,15.025,14.78,14.96,8457117
WY,2010-06-28,14.728,14.952,14.646,14.924,6671895
WY,2010-06-29,14.16,14.448,14.06,14.404,9760662
WY,2010-06-30,14.08,14.336,14.056,14.1,9560787
WY,2010-07-01,14.056,14.272,13.728,14.024,8924942
WY,2010-07-02,13.796,14.192,13.676,14.148,4648622
WY,2010-07-05,13.796,14.192,13.676,14.148,0
WY,2010-07-06,13.724,14.064,13.544,14.032,6302415
WY,2010-07-07,14.164,14.172,13.714,13.792,6419245
WY,2010-07-08,14.256,14.364,14.016,14.296,4127162
WY,2010-07-09,14.336,14.4,14.136,14.244,3894747
WY,2010-07-12,15.544,16.776,14.848,15.172,20808635
WY,2010-07-13,16.088,16.472,15.768,15.86,16273287
WY,2010-07-14,15.948,16.124,15.696,16.124,8772522
WY,2010-07-15,16.256,16.304,15.72,15.948,12945245
WY,2010-07-16,16.2,16.34,15.904,16.18,20087357
WY,2010-07-19,16.732,16.74,16.124,16.124,24432642
WY,2010-07-20,15.94,16.5,15.27,15.76,10220060
WY,2010-07-21,15.5,16.2,15.32,16.2,12209782
WY,2010-07-22,16.11,16.22,15.7,15.9,8283412
WY,2010-07-23,16.63,16.65,16.06,16.1,6399606
WY,2010-07-26,17.05,17.08,16.57,16.77,6154264
WY,2010-07-27,16.96,17.32,16.86,17.32,5600915
WY,2010-07-28,16.59,16.96,16.44,16.96,4355106
WY,2010-07-29,16.49,16.88,16.33,16.69,5842458
WY,2010-07-30,16.22,16.49,15.97,16.36,5657877
WY,2010-08-02,16.91,16.95,16.45,16.68,5556923
WY,2010-08-03,16.98,17.11,16.66,16.93,3557614
WY,2010-08-04,17.5,17.61,17.09,17.15,4041831
WY,2010-08-05,17.24,17.73,17.19,17.66,3019375
WY,2010-08-06,17.17,17.28,16.8601,17.1,2784769
WY,2010-08-09,17.41,17.45,17.27,17.42,2151023
WY,2010-08-10,17.24,17.46,17.01,17.25,2902634
WY,2010-08-11,16.36,17.01,16.3,16.92,5579911
WY,2010-08-12,16.46,16.68,16.1,16.23,4030000
WY,2010-08-13,16.36,16.61,16.35,16.38,2185314
WY,2010-08-16,16.25,16.575,16.23,16.26,1995567
WY,2010-08-17,16.92,17.03,16.35,16.35,2817266
WY,2010-08-18,16.75,16.92,16.59,16.91,2316869
WY,2010-08-19,16.17,16.69,16.13,16.69,3793888
WY,2010-08-20,16.15,16.32,16.0,16.02,3436467
WY,2010-08-23,15.8,16.46,15.77,16.25,4183595
WY,2010-08-24,15.48,15.67,15.35,15.6,4143592
WY,2010-08-25,15.66,15.75,15.06,15.39,4691018
WY,2010-08-26,15.48,15.86,15.47,15.78,6110191
WY,2010-08-27,15.78,15.88,15.36,15.68,4217783
WY,2010-08-30,15.55,15.74,15.48,15.74,2632784
WY,2010-08-31,15.7,15.93,15.43,15.45,4869023
WY,2010-09-01,16.36,16.45,15.75,15.89,10435643
WY,2010-09-02,16.39,16.45,16.12,16.33,6977466
WY,2010-09-03,16.39,16.69,16.36,16.61,7805558
WY,2010-09-06,16.39,16.69,16.36,16.61,0
WY,2010-09-07,15.87,16.26,15.79,16.24,8170075
WY,2010-09-08,15.99,16.16,15.65,15.66,6117949
WY,2010-09-09,16.18,16.41,16.04,16.3,5212813
WY,2010-09-10,16.28,16.36,16.1,16.18,3882992
WY,2010-09-13,16.35,16.59,16.21,16.49,5369578
WY,2010-09-14,16.09,16.39,15.97,16.29,4989756
WY,2010-09-15,15.93,16.15,15.8,16.14,5778520
WY,2010-09-16,15.84,16.0,15.65,15.8883,3937317
WY,2010-09-17,15.97,16.05,15.65,15.85,6092014
WY,2010-09-20,15.6,16.04,15.6,16.04,7698025
WY,2010-09-21,15.4,15.8,15.28,15.75,8865413
WY,2010-09-22,15.79,15.83,15.33,15.36,8483410
WY,2010-09-23,15.8,15.95,15.5,15.65,6243030
WY,2010-09-24,16.33,16.37,15.95,15.98,6361951
WY,2010-09-27,16.38,16.52,16.205,16.33,4481256
WY,2010-09-28,16.38,16.46,16.11,16.35,4286016
WY,2010-09-29,16.13,16.41,16.08,16.35,3878495
WY,2010-09-30,15.76,16.31,15.67,16.31,14831269
WY,2010-10-01,16.09,16.18,15.88,16.0,4737763
WY,2010-10-04,15.78,16.15,15.71,15.98,4891549
WY,2010-10-05,16.13,16.17,15.85,16.0,4716503
WY,2010-10-06,16.06,16.11,15.9,16.06,3759671
WY,2010-10-07,15.94,16.15,15.84,16.11,2840242
WY,2010-10-08,15.82,16.01,15.75,15.96,4183867
WY,2010-10-11,15.75,15.95,15.71,15.81,2286193
WY,2010-10-12,15.84,15.9,15.6021,15.81,3561347
WY,2010-10-13,16.01,16.17,15.81,15.95,4784917
WY,2010-10-14,15.76,15.94,15.62,15.88,4632968
WY,2010-10-15,15.52,15.87,15.36,15.87,6219274
WY,2010-10-18,15.32,15.59,15.28,15.52,6311216
WY,2010-10-19,15.23,15.51,15.1,15.21,5205386
WY,2010-10-20,15.3,15.43,15.16,15.28,4604408
WY,2010-10-21,15.52,15.62,15.32,15.38,4111919
WY,2010-10-22,15.72,15.73,15.53,15.57,3152778
WY,2010-10-25,15.99,16.0,15.72,15.84,5141686
WY,2010-10-26,15.79,15.9,15.59,15.86,5822890
WY,2010-10-27,15.81,15.81,15.65,15.68,3076746
WY,2010-10-28,15.69,15.99,15.48,15.9,3883713
WY,2010-10-29,16.22,16.34,15.84,15.86,6650091
WY,2010-11-01,16.35,16.58,16.18,16.37,4181133
WY,2010-11-02,16.41,16.55,16.33,16.51,2826158
WY,2010-11-03,16.42,16.61,16.2,16.42,4992578
WY,2010-11-04,17.0,17.05,16.55,16.62,5434357
WY,2010-11-05,17.5,17.58,16.93,17.0,5631531
WY,2010-11-08,17.8,17.83,17.14,17.41,5179331
WY,2010-11-09,17.33,17.97,17.21,17.82,7082214
WY,2010-11-10,17.63,17.73,17.23,17.37,3957111
WY,2010-11-11,17.75,17.82,17.34,17.45,3449819
WY,2010-11-12,17.45,17.8,17.27,17.6,4161562
WY,2010-11-15,17.58,18.0,17.4,17.52,5711852
WY,2010-11-16,16.91,17.49,16.82,17.43,4815719
WY,2010-11-17,17.1,17.45,16.84,16.91,4279270
WY,2010-11-18,17.27,17.59,17.22,17.29,3685961
WY,2010-11-19,17.18,17.29,17.05,17.26,3099055
WY,2010-11-22,17.16,17.35,16.98,17.07,3619001
WY,2010-11-23,16.96,17.2,16.83,17.0,4420732
WY,2010-11-24,17.29,17.36,17.05,17.1,1895901
WY,2010-11-25,17.29,17.36,17.05,17.1,0
WY,2010-11-26,17.03,17.16,16.9296,17.14,1686981
WY,2010-11-29,16.83,16.9,16.56,16.8,3723641
WY,2010-11-30,16.69,16.8,16.59,16.73,4103818
WY,2010-12-01,17.05,17.17,16.8,16.98,3403592
WY,2010-12-02,17.54,17.56,16.97,17.05,4122503
WY,2010-12-03,17.7,17.72,17.38,17.42,2683494
WY,2010-12-06,17.7,17.75,17.46,17.64,2658662
WY,2010-12-07,17.84,18.32,17.78,18.32,4982252
WY,2010-12-08,17.28,17.8,17.18,17.8,6872948
WY,2010-12-09,17.68,17.72,17.35,17.38,5175865
WY,2010-12-10,17.76,17.89,17.59,17.83,3520566
WY,2010-12-13,17.9,18.035,17.8,17.89,6458632
WY,2010-12-14,17.92,18.0,17.8,17.97,4575599
WY,2010-12-15,17.78,18.0,17.74,17.89,6391062
WY,2010-12-16,17.99,18.03,17.67,17.76,5021421
WY,2010-12-17,18.16,18.35,17.95,18.02,8229220
WY,2010-12-20,18.48,18.52,18.2,18.345,4041807
WY,2010-12-21,18.41,18.68,18.38,18.59,6091271
WY,2010-12-22,18.44,18.52,18.38,18.52,6121805
WY,2010-12-23,18.56,18.58,18.42,18.48,2900791
WY,2010-12-24,18.56,18.58,18.42,18.48,0
WY,2010-12-27,18.71,18.78,18.42,18.53,2367717
WY,2010-12-28,18.84,18.9,18.65,18.74,2413691
WY,2010-12-29,19.0,19.02,18.81,18.9,2584464
WY,2010-12-30,18.95,19.05,18.81,18.96,2242065
WY,2010-12-31,18.93,19.04,18.85,18.92,2763073
WY,2011-01-03,19.76,19.83,19.21,19.21,5454248
WY,2011-01-04,19.55,19.9,19.4198,19.9,7736918
WY,2011-01-05,20.16,20.24,19.48,19.5,8083748
WY,2011-01-06,20.02,20.55,19.96,20.22,10719984
WY,2011-01-07,20.57,20.58,20.0,20.19,11243686
WY,2011-01-10,20.8,20.86,20.2,20.45,10398141
WY,2011-01-11,21.13,21.16,20.78,20.85,7952369
WY,2011-01-12,21.55,21.56,21.03,21.36,6652115
WY,2011-01-13,21.34,21.65,21.31,21.6,6661229
WY,2011-01-14,21.63,21.645,21.1,21.18,5613586
WY,2011-01-17,21.63,21.645,21.1,21.18,0
WY,2011-01-18,21.72,21.72,21.42,21.56,4812257
WY,2011-01-19,21.31,21.74,21.19,21.68,7671635
WY,2011-01-20,21.6,21.72,21.17,21.29,6320087
WY,2011-01-21,22.49,22.51,21.72,21.81,13320817
WY,2011-01-24,22.78,22.85,22.44,22.44,12395617
WY,2011-01-25,23.0,23.29,22.73,22.81,10791468
WY,2011-01-26,22.83,23.1,22.69,23.07,10081661
WY,2011-01-27,23.01,23.03,22.72,22.87,6705891
WY,2011-01-28,22.67,23.17,22.59,23.07,6964678
WY,2011-01-31,23.18,23.24,22.74,22.77,5848391
WY,2011-02-01,23.89,24.0,22.94,23.34,8399173
WY,2011-02-02,23.57,23.99,23.32,23.58,6472987
WY,2011-02-03,23.58,23.64,23.21,23.56,6881068
WY,2011-02-04,24.3,24.75,23.94,23.95,10446920
WY,2011-02-07,23.61,23.73,22.58,22.62,13809584
WY,2011-02-08,24.31,24.34,23.51,23.65,6787185
WY,2011-02-09,24.32,24.33,23.99,24.25,5949035
WY,2011-02-10,24.73,24.75,24.06,24.23,6497409
WY,2011-02-11,25.2,25.24,24.52,24.53,6214823
WY,2011-02-14,24.83,25.2,24.63,25.17,5642272
WY,2011-02-15,25.01,25.01,24.7,24.76,5566194
WY,2011-02-16,25.09,25.25,25.0,25.03,8201112
WY,2011-02-17,25.16,25.33,25.0,25.04,6179468
WY,2011-02-18,25.16,25.24,24.96,25.22,5551394
WY,2011-02-21,25.16,25.24,24.96,25.22,0
WY,2011-02-22,24.04,24.72,23.94,24.46,12102542
WY,2011-02-23,23.57,24.33,23.2,24.02,9164922
WY,2011-02-24,23.95,24.06,23.25,23.48,7307059
WY,2011-02-25,24.2,24.23,23.95,24.03,4255531
WY,2011-02-28,24.41,24.48,24.0598,24.25,4101779
WY,2011-03-01,23.36,24.57,23.3,24.55,6546154
WY,2011-03-02,23.54,23.86,23.25,23.35,3490751
WY,2011-03-03,24.11,24.21,23.75,23.85,4849431
WY,2011-03-04,23.57,24.15,23.37,24.04,4068095
WY,2011-03-07,23.34,23.96,23.15,23.85,4771453
WY,2011-03-08,23.38,23.58,23.13,23.38,7561394
WY,2011-03-09,23.6,23.6,23.12,23.37,4742468
WY,2011-03-10,22.95,23.3,22.86,23.3,4175750
WY,2011-03-11,24.38,24.53,23.02,23.03,11130378
WY,2011-03-14,24.79,24.92,24.26,24.75,8812302
WY,2011-03-15,24.7,24.905,23.86,24.07,8424301
WY,2011-03-16,23.98,24.73,23.98,24.68,6813391
WY,2011-03-17,24.32,24.63,23.99,24.56,4647263
WY,2011-03-18,24.39,24.95,24.34,24.78,12375599
WY,2011-03-21,25.06,25.08,24.52,24.74,4377223
WY,2011-03-22,24.49,25.15,24.4,25.15,4627082
WY,2011-03-23,24.5,24.78,24.29,24.51,5751800
WY,2011-03-24,24.33,24.84,24.22,24.69,6025532
WY,2011-03-25,24.22,24.52,24.12,24.37,5439157
WY,2011-03-28,24.42,24.47,24.08,24.29,4005187
WY,2011-03-29,24.63,24.66,24.21,24.38,3302641
WY,2011-03-30,24.62,24.8,24.54,24.74,3937751
WY,2011-03-31,24.6,24.86,24.47,24.5,3925700
WY,2011-04-01,25.14,25.19,24.82,24.82,4902041
WY,2011-04-04,24.96,25.25,24.91,25.24,3056612
WY,2011-04-05,24.64,24.92,24.6,24.82,3718290
WY,2011-04-06,24.12,24.75,23.96,24.72,5142417
WY,2011-04-07,24.1,24.18,23.67,24.02,5917081
WY,2011-04-08,23.61,24.89,23.4,24.79,9664142
WY,2011-04-11,23.1,23.88,23.06,23.7,6885853
WY,2011-04-12,22.56,22.91,22.0,22.83,9076785
WY,2011-04-13,22.43,22.75,22.12,22.75,4969075
WY,2011-04-14,22.49,22.53,22.15,22.34,4171287
WY,2011-04-15,22.69,22.9,22.47,22.9,4824752
WY,2011-04-18,21.98,22.41,21.72,22.39,7049660
WY,2011-04-19,22.24,22.34,21.87,21.99,5192488
WY,2011-04-20,22.62,22.73,22.34,22.64,4071647
WY,2011-04-21,22.63,22.72,22.32,22.69,2821058
WY,2011-04-22,22.63,22.72,22.32,22.69,0
WY,2011-04-25,22.59,22.67,22.47,22.58,2295032
WY,2011-04-26,23.18,23.2,22.61,22.69,4265369
WY,2011-04-27,23.69,23.83,23.2,23.27,5606029
WY,2011-04-28,23.99,24.01,23.54,23.59,5902932
WY,2011-04-29,23.01,23.91,22.48,23.91,10823578
WY,2011-05-02,22.6,23.13,22.461,23.04,5699993
WY,2011-05-03,22.5,22.75,22.15,22.54,5434003
WY,2011-05-04,22.12,22.56,22.01,22.56,4079763
WY,2011-05-05,22.1,22.46,21.9,21.95,4577626
WY,2011-05-06,22.09,22.5,22.0,22.43,3670712
WY,2011-05-09,22.33,22.37,22.0,22.06,2660321
WY,2011-05-10,22.58,22.63,22.26,22.39,3681390
WY,2011-05-11,22.03,22.46,21.97,22.38,4276268
WY,2011-05-12,22.02,22.19,21.7,21.9,3732956
WY,2011-05-13,21.91,22.13,21.845,22.09,3240697
WY,2011-05-16,22.13,22.55,21.75,21.88,4583832
WY,2011-05-17,21.5,22.08,21.42,21.99,4935683
WY,2011-05-18,22.21,22.24,21.49,21.57,5535779
WY,2011-05-19,21.83,22.37,21.66,22.23,4650590
WY,2011-05-20,21.76,21.97,21.47,21.75,4465600
WY,2011-05-23,21.35,21.55,21.28,21.45,3326594
WY,2011-05-24,21.53,21.62,21.36,21.45,3630363
WY,2011-05-25,21.8,21.93,21.38,21.4,3748403
WY,2011-05-26,22.07,22.11,21.59,21.69,3787304
WY,2011-05-27,20.87,21.49,20.75,21.41,11351158
WY,2011-05-30,20.87,21.49,20.75,21.41,0
WY,2011-05-31,21.54,21.55,20.97,21.04,5902929
WY,2011-06-01,20.72,21.54,20.72,21.46,6293607
WY,2011-06-02,20.82,21.13,20.72,20.8,5517848
WY,2011-06-03,20.77,20.915,20.5,20.52,4925497
WY,2011-06-06,20.5,21.04,20.49,20.91,4086240
WY,2011-06-07,21.53,21.99,21.14,21.15,10170023
WY,2011-06-08,21.12,21.42,21.085,21.4,5404104
WY,2011-06-09,21.04,21.25,20.99,21.17,3945005
WY,2011-06-10,20.4,21.035,20.38,21.0,5282328
WY,2011-06-13,20.09,20.63,20.04,20.44,5291098
WY,2011-06-14,20.6,20.89,20.32,20.32,5315596
WY,2011-06-15,20.01,20.45,19.98,20.42,5515357
WY,2011-06-16,20.24,20.37,19.88,19.95,6174624
WY,2011-06-17,20.33,20.64,20.25,20.44,6250606
WY,2011-06-20,20.34,20.58,20.27,20.27,4101972
WY,2011-06-21,21.14,21.17,20.43,20.62,5058583
WY,2011-06-22,21.02,21.41,20.99,21.02,5239461
WY,2011-06-23,20.83,20.89,20.375,20.7,4216157
WY,2011-06-24,20.33,20.99,20.3,20.89,6874615
WY,2011-06-27,20.63,20.93,20.3255,20.47,3887337
WY,2011-06-28,20.9,20.9,20.63,20.77,3260218
WY,2011-06-29,21.22,21.33,20.7801,20.96,4155437
WY,2011-06-30,21.86,21.99,21.14,21.29,5477134
WY,2011-07-01,22.29,22.35,21.74,21.81,3927078
WY,2011-07-04,22.29,22.35,21.74,21.81,0
WY,2011-07-05,22.15,22.3,22.05,22.17,3630764
WY,2011-07-06,22.19,22.2,21.9,22.01,3961278
WY,2011-07-07,22.57,22.62,22.32,22.41,3983182
WY,2011-07-08,22.1,22.32,21.85,22.25,3528636
WY,2011-07-11,21.72,21.96,21.515,21.81,3372572
WY,2011-07-12,21.89,22.07,21.65,21.66,3616544
WY,2011-07-13,22.0,22.41,21.84,22.0,4596121
WY,2011-07-14,21.56,22.14,21.51,22.09,3624122
WY,2011-07-15,21.65,21.79,21.46,21.68,3657489
WY,2011-07-18,21.38,21.65,21.15,21.55,3295914
WY,2011-07-19,22.25,22.25,21.51,21.6,4654126
WY,2011-07-20,21.79,22.23,21.53,22.21,7230998
WY,2011-07-21,22.04,22.21,21.85,21.98,5649323
WY,2011-07-22,22.18,22.27,21.9565,22.08,3773783
WY,2011-07-25,21.28,22.04,21.28,21.88,6014084
WY,2011-07-26,20.64,21.31,20.38,21.27,12420869
WY,2011-07-27,20.1,20.72,20.1,20.6,7264321
WY,2011-07-28,20.05,20.375,19.91,20.17,5436231
WY,2011-07-29,19.99,20.58,19.5,19.5,7052133
WY,2011-08-01,19.51,20.13,19.33,20.13,8989341
WY,2011-08-02,18.85,19.46,18.84,19.33,6210504
WY,2011-08-03,18.96,18.99,18.31,18.9,7053839
WY,2011-08-04,18.09,18.81,18.05,18.73,9095679
WY,2011-08-05,17.87,18.48,17.56,18.42,12203756
WY,2011-08-08,16.57,17.59,16.55,17.27,13688755
WY,2011-08-09,17.11,17.15,15.82,16.92,17965535
WY,2011-08-10,16.2,17.04,16.15,17.0,15390437
WY,2011-08-11,16.78,17.025,16.16,16.34,14858422
WY,2011-08-12,16.83,17.15,16.74,17.13,6873103
WY,2011-08-15,17.22,17.25,16.9,16.91,9210372
WY,2011-08-16,17.07,17.26,16.775,17.0,6870247
WY,2011-08-17,17.1,17.25,16.9,17.19,5976028
WY,2011-08-18,16.15,16.66,15.98,16.66,8421381
WY,2011-08-19,15.7,16.44,15.67,15.94,7058151
WY,2011-08-22,15.68,16.14,15.43,16.09,7389691
WY,2011-08-23,16.17,16.17,15.54,15.85,7483575
WY,2011-08-24,16.55,16.57,16.05,16.13,5885926
WY,2011-08-25,16.24,16.88,16.065,16.66,5671043
WY,2011-08-26,17.0,17.06,15.96,16.17,7157255
WY,2011-08-29,17.49,17.49,17.08,17.15,5967565
WY,2011-08-30,17.65,17.79,17.19,17.25,5491069
WY,2011-08-31,18.03,18.12,17.6,17.77,6957395
WY,2011-09-01,17.7,18.1,17.69,17.95,6774093
WY,2011-09-02,17.11,17.7,17.06,17.46,5367781
WY,2011-09-05,17.11,17.7,17.06,17.46,0
WY,2011-09-06,16.93,17.09,16.52,16.72,5244334
WY,2011-09-07,17.6,17.6,17.05,17.23,4438692
WY,2011-09-08,17.3,17.7087,17.22,17.31,4125541
WY,2011-09-09,16.86,17.26,16.75,17.06,7473699
WY,2011-09-12,16.73,16.89,16.33,16.6,5503277
WY,2011-09-13,16.86,16.97,16.6,16.88,5138951
WY,2011-09-14,17.32,17.53,16.86,16.96,7509400
WY,2011-09-15,17.52,17.65,17.35,17.55,7551520
WY,2011-09-16,17.8,17.83,17.41,17.66,5453670
WY,2011-09-19,17.51,17.65,17.15,17.36,5383073
WY,2011-09-20,17.51,17.91,17.35,17.64,5293636
WY,2011-09-21,16.9,17.66,16.89,17.48,7206798
WY,2011-09-22,15.94,16.57,15.71,16.37,9674241
WY,2011-09-23,15.95,16.05,15.69,15.83,5689194
WY,2011-09-26,16.13,16.18,15.62,16.12,6759164
WY,2011-09-27,16.52,16.92,16.4,16.52,5972695
WY,2011-09-28,15.95,16.69,15.94,16.61,6313420
WY,2011-09-29,16.09,16.42,15.8,16.33,5884824
WY,2011-09-30,15.55,16.0,15.55,15.82,6547291
WY,2011-10-03,15.25,15.84,15.25,15.5,10003742
WY,2011-10-04,15.98,15.99,14.82,15.03,10722327
WY,2011-10-05,15.8,16.15,15.15,15.98,6986628
WY,2011-10-06,16.47,16.48,15.6,15.79,8051152
WY,2011-10-07,16.03,16.59,16.03,16.58,6780803
WY,2011-10-10,16.96,16.96,16.35,16.35,5279780
WY,2011-10-11,16.79,16.97,16.66,16.86,5985535
WY,2011-10-12,16.95,17.24,16.8,17.02,7061602
WY,2011-10-13,16.7,16.87,16.39,16.8,5868151
WY,2011-10-14,17.19,17.21,16.91,16.99,3881340
WY,2011-10-17,16.44,17.25,16.42,17.15,5589571
WY,2011-10-18,16.85,16.965,16.2,16.48,10764558
WY,2011-10-19,16.57,16.93,16.53,16.84,6459246
WY,2011-10-20,16.42,16.66,16.085,16.64,7281745
WY,2011-10-21,17.09,17.09,16.55,16.63,6971503
WY,2011-10-24,17.54,17.58,17.02,17.16,7026741
WY,2011-10-25,16.92,17.44,16.77,17.44,6758566
WY,2011-10-26,17.09,17.28,16.85,17.195,4767795
WY,2011-10-27,17.94,18.17,17.28,17.72,11065633
WY,2011-10-28,18.3,18.33,17.52,17.94,8084509
WY,2011-10-31,17.98,18.56,17.94,18.04,7915116
WY,2011-11-01,17.13,17.6801,17.1,17.46,9386660
WY,2011-11-02,17.25,17.59,17.04,17.58,7366535
WY,2011-11-03,17.54,17.65,17.06,17.47,6568884
WY,2011-11-04,17.31,17.43,17.12,17.38,6390896
WY,2011-11-07,17.23,17.42,16.99,17.22,5497339
WY,2011-11-08,17.5,17.53,17.015,17.27,5307761
WY,2011-11-09,16.46,17.13,16.43,17.0,7508477
WY,2011-11-10,16.46,16.81,16.39,16.8,4714328
WY,2011-11-11,16.89,17.1,16.68,16.76,4869031
WY,2011-11-14,16.46,16.88,16.37,16.84,4599582
WY,2011-11-15,16.61,16.75,16.365,16.41,4272944
WY,2011-11-16,16.45,16.81,16.32,16.42,8436444
WY,2011-11-17,16.2,16.52,16.11,16.45,6832688
WY,2011-11-18,16.41,16.44,16.1,16.39,5756783
WY,2011-11-21,15.9,16.21,15.82,16.14,7159613
WY,2011-11-22,15.75,16.0,15.72,15.85,3972690
WY,2011-11-23,15.49,15.71,15.42,15.64,4751925
WY,2011-11-24,15.49,15.49,15.49,15.49,0
WY,2011-11-25,15.48,15.75,15.4,15.44,1818075
WY,2011-11-28,15.78,16.09,15.62,16.05,4725661
WY,2011-11-29,15.92,16.03,15.75,15.81,3938243
WY,2011-11-30,16.79,16.81,16.25,16.41,7330501
WY,2011-12-01,16.75,16.785,16.43,16.71,4792102
WY,2011-12-02,16.77,17.1,16.72,16.89,4290108
WY,2011-12-05,17.06,17.25,16.87,17.04,5121098
WY,2011-12-06,17.08,17.19,16.78,17.0,5772028
WY,2011-12-07,17.26,17.32,16.8,17.05,4117492
WY,2011-12-08,16.81,17.14,16.77,17.14,6096722
WY,2011-12-09,17.23,17.29,16.94,17.04,4050027
WY,2011-12-12,16.72,17.02,16.51,16.97,5423453
WY,2011-12-13,16.46,17.01,16.32,16.83,4804873
WY,2011-12-14,16.42,16.61,16.28,16.37,3848181
WY,2011-12-15,16.62,16.73,16.495,16.62,3596314
WY,2011-12-16,16.7,16.97,16.5,16.74,5177483
WY,2011-12-19,16.29,16.755,16.26,16.73,3007560
WY,2011-12-20,17.32,17.37,16.54,16.56,6405323
WY,2011-12-21,17.92,17.93,17.22,17.3,7301374
WY,2011-12-22,18.3,18.37,17.88,17.96,5393394
WY,2011-12-23,18.17,18.33,18.07,18.33,2454082
WY,2011-12-26,18.17,18.17,18.17,18.17,0
WY,2011-12-27,18.36,18.63,18.1,18.15,2866955
WY,2011-12-28,18.48,18.78,18.28,18.37,5447586
WY,2011-12-29,18.88,18.91,18.43,18.47,4318159
WY,2011-12-30,18.67,19.04,18.67,18.81,3407018
WY,2012-01-02,18.67,18.67,18.67,18.67,0
WY,2012-01-03,19.1,19.4,18.98,19.08,6370825
WY,2012-01-04,18.89,19.14,18.74,19.02,6903384
WY,2012-01-05,18.78,19.055,18.5,18.85,6117139
WY,2012-01-06,19.02,19.27,18.8,18.88,6325813
WY,2012-01-09,18.79,19.12,18.78,19.07,3433234
WY,2012-01-10,19.21,19.45,19.14,19.3,4058582
WY,2012-01-11,19.72,19.76,19.16,19.18,6026217
WY,2012-01-12,19.86,19.95,19.51,19.86,6417072
WY,2012-01-13,20.22,20.36,19.57,19.72,6891771
WY,2012-01-16,20.22,20.22,20.22,20.22,0
WY,2012-01-17,20.27,20.84,20.08,20.43,8744652
WY,2012-01-18,20.56,20.56,20.1,20.2,4887337
WY,2012-01-19,21.01,21.12,20.685,20.72,6765276
WY,2012-01-20,20.65,21.08,20.34,21.02,6340148
WY,2012-01-23,20.23,20.69,19.96,20.69,7218886
WY,2012-01-24,19.94,20.02,19.49,20.02,8785556
WY,2012-01-25,20.28,20.34,19.76,19.91,4553119
WY,2012-01-26,20.62,20.74,20.32,20.38,5586622
WY,2012-01-27,20.47,20.57,20.2818,20.49,3232945
WY,2012-01-30,20.3,20.35,20.06,20.22,2703053
WY,2012-01-31,20.02,20.37,19.885,20.37,4824692
WY,2012-02-01,20.08,20.25,19.92,20.2,5012869
WY,2012-02-02,20.14,20.3,20.03,20.13,4433188
WY,2012-02-03,21.3,21.3,20.68,21.11,8006551
WY,2012-02-06,20.7,21.14,20.56,21.03,6259404
WY,2012-02-07,20.38,20.675,20.31,20.6,4648206
WY,2012-02-08,20.56,20.57,20.26,20.5,3674900
WY,2012-02-09,20.36,20.67,20.18,20.62,4352796
WY,2012-02-10,20.02,20.24,19.97,20.1,3885893
WY,2012-02-13,20.55,20.64,20.17,20.21,4902175
WY,2012-02-14,19.98,20.48,19.82,20.47,4377388
WY,2012-02-15,19.86,20.1,19.82,20.05,3117062
WY,2012-02-16,20.57,20.58,19.85,19.85,7316578
WY,2012-02-17,20.65,20.72,20.48,20.67,4157797
WY,2012-02-20,20.65,20.65,20.65,20.65,0
WY,2012-02-21,20.74,20.87,20.53,20.66,4898086
WY,2012-02-22,20.71,20.79,20.51,20.69,5159853
WY,2012-02-23,20.89,20.91,20.5199,20.66,4193685
WY,2012-02-24,21.06,21.3,20.87,20.9,4374786
WY,2012-02-27,21.33,21.41,20.7695,20.94,4859384
WY,2012-02-28,21.0,21.21,20.87,21.19,5062082
WY,2012-02-29,20.89,21.21,20.86,20.97,4172773
WY,2012-03-01,21.29,21.3,21.01,21.01,6096918
WY,2012-03-02,21.16,21.31,21.13,21.28,3409188
WY,2012-03-05,21.22,21.44,21.03,21.39,3818298
WY,2012-03-06,20.57,21.12,20.54,20.96,5045496
WY,2012-03-07,20.74,20.76,20.55,20.67,3122554
WY,2012-03-08,21.01,21.05,20.745,20.86,2714811
WY,2012-03-09,21.48,21.71,20.9582,21.05,4463663
WY,2012-03-12,21.4,21.67,21.35,21.46,3389201
WY,2012-03-13,22.07,22.09,21.475,21.54,5047644
WY,2012-03-14,21.86,22.12,21.8,22.03,3287914
WY,2012-03-15,22.17,22.18,21.65,21.84,5705675
WY,2012-03-16,22.01,22.25,21.92,22.2201,6125702
WY,2012-03-19,22.28,22.36,21.97,22.02,4819561
WY,2012-03-20,22.28,22.29,21.96,22.13,3198325
WY,2012-03-21,22.16,22.35,22.06,22.35,3133744
WY,2012-03-22,21.81,21.89,21.58,21.89,3413703
WY,2012-03-23,21.87,21.98,21.36,21.7,3338162
WY,2012-03-26,21.91,22.12,21.665,22.03,4557372
WY,2012-03-27,22.05,22.3,21.77,21.94,4512131
WY,2012-03-28,22.02,22.095,21.7199,22.01,2910840
WY,2012-03-29,21.89,21.93,21.58,21.83,2927811
WY,2012-03-30,21.92,22.06,21.83,22.04,3573700
WY,2012-04-02,22.16,22.19,21.74,21.83,4766347
WY,2012-04-03,21.85,22.23,21.73,22.07,3761010
WY,2012-04-04,21.6,21.76,21.4,21.69,3274029
WY,2012-04-05,21.51,21.63,21.29,21.48,3246968
WY,2012-04-06,21.51,21.51,21.51,21.51,0
WY,2012-04-09,21.04,21.29,20.96,21.12,3541343
WY,2012-04-10,20.37,21.11,20.27,21.02,5609753
WY,2012-04-11,20.52,20.69,20.37,20.65,3526629
WY,2012-04-12,21.07,21.07,20.52,20.6,3298771
WY,2012-04-13,20.74,21.04,20.74,20.97,3360363
WY,2012-04-16,20.7,20.97,20.64,20.89,4147893
WY,2012-04-17,21.12,21.23,20.65,20.81,3395631
WY,2012-04-18,20.77,21.1,20.76,20.99,3470186
WY,2012-04-19,20.75,21.02,20.63,20.85,2660460
WY,2012-04-20,20.98,21.2,20.88,20.88,3043352
WY,2012-04-23,20.02,20.25,19.68,19.9,8938167
WY,2012-04-24,20.52,20.66,20.02,20.1,4884713
WY,2012-04-25,20.74,20.75,20.47,20.72,3717298
WY,2012-04-26,20.88,20.9,20.461,20.64,5014098
WY,2012-04-27,20.85,21.11,20.24,21.0,5028560
WY,2012-04-30,20.36,20.78,20.32,20.77,4191154
WY,2012-05-01,20.4,20.57,20.05,20.33,3944981
WY,2012-05-02,20.63,20.73,20.23,20.29,4158397
WY,2012-05-03,20.38,20.69,20.375,20.6,3221187
WY,2012-05-04,19.98,20.31,19.88,20.3,5427121
WY,2012-05-07,20.22,20.42,19.92,19.94,4404847
WY,2012-05-08,19.87,20.13,19.75,20.05,6373383
WY,2012-05-09,20.07,20.22,19.32,19.52,5724147
WY,2012-05-10,20.01,20.27,19.97,20.2,4376132
WY,2012-05-11,20.07,20.23,19.75,19.86,3044384
WY,2012-05-14,19.43,19.8,19.42,19.79,3669958
WY,2012-05-15,19.36,19.54,19.2,19.4,3905662
WY,2012-05-16,19.14,19.65,19.13,19.49,3970807
WY,2012-05-17,18.69,19.2,18.6,19.14,7968245
WY,2012-05-18,18.76,18.93,18.61,18.83,6540482
WY,2012-05-21,19.26,19.27,18.69,18.8,3845104
WY,2012-05-22,19.47,19.72,19.2,19.32,5934881
WY,2012-05-23,19.47,19.8,19.211,19.33,4477556
WY,2012-05-24,19.91,20.16,19.64,19.87,3838226
WY,2012-05-25,19.77,20.02,19.7,19.87,2502697
WY,2012-05-28,19.77,19.77,19.77,19.77,0
WY,2012-05-29,20.31,20.34,19.93,19.94,2439182
WY,2012-05-30,19.76,20.09,19.71,20.05,4609832
WY,2012-05-31,19.91,20.1,19.58,19.87,4763357
WY,2012-06-01,19.11,19.592,19.1,19.43,6210646
WY,2012-06-04,19.13,19.3,18.7,19.22,5609900
WY,2012-06-05,19.37,19.5,19.02,19.1,4453275
WY,2012-06-06,20.11,20.11,19.42,19.52,3820714
WY,2012-06-07,20.2,20.46,20.12,20.36,4387574
WY,2012-06-08,20.45,20.45,20.06,20.12,2429658
WY,2012-06-11,20.18,20.88,20.17,20.83,3571372
WY,2012-06-12,20.72,20.735,20.06,20.16,4826304
WY,2012-06-13,20.36,20.755,20.25,20.57,4113816
WY,2012-06-14,20.58,20.68,20.35,20.43,3749361
WY,2012-06-15,20.79,20.82,20.48,20.7,6692160
WY,2012-06-18,20.95,20.98,20.47,20.57,4344075
WY,2012-06-19,21.31,21.48,20.87,21.04,5204285
WY,2012-06-20,21.24,21.37,21.05,21.31,3320092
WY,2012-06-21,20.75,21.32,20.73,21.27,3701434
WY,2012-06-22,20.69,20.8893,20.63,20.86,4116702
WY,2012-06-25,20.22,20.4401,20.17,20.36,3728992
WY,2012-06-26,20.43,20.5,20.115,20.28,3413764
WY,2012-06-27,21.21,21.26,20.38,20.49,5353124
WY,2012-06-28,21.66,21.66,21.07,21.08,5456831
WY,2012-06-29,22.36,22.36,21.92,22.1,6663477
WY,2012-07-02,22.34,22.38,22.05,22.34,3772569
WY,2012-07-03,22.67,22.73,22.29,22.34,2278913
WY,2012-07-04,22.67,22.67,22.67,22.67,0
WY,2012-07-05,22.33,22.73,22.315,22.65,4193594
WY,2012-07-06,22.29,22.33,21.87,21.93,3919846
WY,2012-07-09,22.46,22.51,22.2,22.5,5483003
WY,2012-07-10,22.16,22.69,21.99,22.57,4216783
WY,2012-07-11,22.71,22.81,22.005,22.18,6969640
WY,2012-07-12,22.78,23.04,22.45,22.45,5407909
WY,2012-07-13,23.37,23.475,22.73,22.79,5888546
WY,2012-07-16,23.65,23.84,23.25,23.28,6655283
WY,2012-07-17,23.48,23.68,22.99,23.23,5464131
WY,2012-07-18,23.32,23.5,23.19,23.45,4936982
WY,2012-07-19,23.07,23.58,22.975,23.36,5780299
WY,2012-07-20,23.06,23.12,22.75,23.01,5764908
WY,2012-07-23,23.05,23.14,22.73,22.89,4121040
WY,2012-07-24,22.81,23.1,22.55,23.03,4509420
WY,2012-07-25,22.78,23.16,22.75,22.95,3653537
WY,2012-07-26,22.91,23.53,22.62,23.2,6306929
WY,2012-07-27,23.59,23.99,22.77,23.04,8727639
WY,2012-07-30,23.5,23.71,23.29,23.63,4440908
WY,2012-07-31,23.35,23.66,23.25,23.41,4602811
WY,2012-08-01,23.16,23.58,23.02,23.55,3599524
WY,2012-08-02,23.13,23.34,22.85,23.05,4484636
WY,2012-08-03,23.65,23.8,23.34,23.47,4528159
WY,2012-08-06,23.47,23.84,23.47,23.69,3887052
WY,2012-08-07,23.79,23.98,23.3514,23.56,3779291
WY,2012-08-08,23.52,23.79,23.39,23.65,3372932
WY,2012-08-09,23.45,23.6,23.3,23.49,2529603
WY,2012-08-10,23.54,23.58,23.35,23.41,1614178
WY,2012-08-13,23.73,23.74,23.36,23.49,2419835
WY,2012-08-14,23.7,23.96,23.63,23.87,4317835
WY,2012-08-15,23.86,23.89,23.6,23.7,2645128
WY,2012-08-16,24.45,24.5,23.8,23.84,4954079
WY,2012-08-17,24.24,24.53,23.99,24.51,4015875
WY,2012-08-20,24.03,24.27,23.87,24.19,2769777
WY,2012-08-21,24.24,24.51,24.06,24.14,3345055
WY,2012-08-22,24.52,24.55,24.14,24.2,4576964
WY,2012-08-23,24.62,24.74,24.29,24.41,4132969
WY,2012-08-24,24.37,24.49,24.2214,24.4,3216477
WY,2012-08-27,24.6,24.74,24.51,24.71,4320209
WY,2012-08-28,24.62,24.725,24.35,24.55,4015827
WY,2012-08-29,24.88,24.9,24.46,24.63,4563354
WY,2012-08-30,24.87,24.96,24.64,24.73,3703530
WY,2012-08-31,24.91,24.96,24.55,24.94,3660509
WY,2012-09-03,24.91,24.91,24.91,24.91,0
WY,2012-09-04,25.05,25.075,24.69,24.93,5382643
WY,2012-09-05,25.06,25.15,24.7,25.1,5006065
WY,2012-09-06,25.5,25.5,25.06,25.16,4627478
WY,2012-09-07,25.45,25.45,25.06,25.15,5730115
WY,2012-09-10,25.47,25.55,25.27,25.34,3297828
WY,2012-09-11,25.84,25.87,25.39,25.47,3956332
WY,2012-09-12,26.31,26.55,25.81,25.83,6736736
WY,2012-09-13,26.92,27.085,26.1603,26.3,6496468
WY,2012-09-14,27.15,28.055,26.9,27.03,7674604
WY,2012-09-17,26.84,27.38,26.77,27.06,5203148
WY,2012-09-18,26.39,26.94,26.2,26.8,6574872
WY,2012-09-19,26.25,26.45,25.99,26.38,4412868
WY,2012-09-20,26.26,26.26,25.92,26.12,5033184
WY,2012-09-21,26.53,26.79,26.41,26.46,5738556
WY,2012-09-24,26.75,26.86,26.47,26.49,3838694
WY,2012-09-25,26.48,27.18,26.48,26.86,4963086
WY,2012-09-26,26.13,26.5999,25.94,26.48,4514969
WY,2012-09-27,26.69,26.69,26.15,26.24,4153831
WY,2012-09-28,26.14,26.71,26.13,26.54,6334301
WY,2012-10-01,26.1,26.51,25.95,26.27,4699148
WY,2012-10-02,26.2,26.37,26.1,26.21,3622177
WY,2012-10-03,26.61,26.77,26.07,26.2,5258783
WY,2012-10-04,26.46,26.84,26.42,26.69,4453938
WY,2012-10-05,26.64,27.0,26.53,26.57,4368577
WY,2012-10-08,26.48,26.66,26.31,26.5,2558048
WY,2012-10-09,26.31,26.64,26.26,26.41,2965220
WY,2012-10-10,26.21,26.5,26.14,26.27,3275164
WY,2012-10-11,26.28,26.53,26.15,26.32,2778428
WY,2012-10-12,26.26,26.69,26.13,26.33,3071246
WY,2012-10-15,27.3,27.37,26.51,26.56,5133235
WY,2012-10-16,27.24,27.6487,27.1,27.39,3636001
WY,2012-10-17,28.0,28.24,27.39,27.47,8322056
WY,2012-10-18,28.46,28.82,27.86,27.86,5408931
WY,2012-10-19,28.01,28.6,28.0,28.42,4108062
WY,2012-10-22,28.23,28.47,28.01,28.1,3982889
WY,2012-10-23,27.87,28.0969,27.65,27.78,3872806
WY,2012-10-24,27.56,28.13,27.53,27.97,4674821
WY,2012-10-25,27.3,27.9,27.06,27.64,6330145
WY,2012-10-26,27.37,27.82,26.58,27.11,6349458
WY,2012-10-29,27.37,27.37,27.37,27.37,0
WY,2012-10-30,27.37,27.37,27.37,27.37,0
WY,2012-10-31,27.69,28.0,27.57,27.65,5861896
WY,2012-11-01,27.85,28.13,27.6301,27.82,5105725
WY,2012-11-02,27.73,28.24,27.7,28.07,3218664
WY,2012-11-05,27.64,27.79,27.4,27.7,2830061
WY,2012-11-06,27.4,27.81,27.35,27.69,4676431
WY,2012-11-07,27.29,27.73,27.0,27.06,6152676
WY,2012-11-08,26.47,27.35,26.45,27.33,5207103
WY,2012-11-09,26.31,26.91,26.14,26.3,6457905
WY,2012-11-12,26.43,26.58,25.89,26.37,1971873
WY,2012-11-13,26.3,26.58,26.15,26.21,3371702
WY,2012-11-14,25.33,26.388,25.28,26.38,5824341
WY,2012-11-15,24.99,25.38,24.84,25.11,5409691
WY,2012-11-16,25.38,25.4,24.745,24.97,6052003
WY,2012-11-19,25.98,26.05,25.61,25.71,4549627
WY,2012-11-20,26.26,26.28,25.78,25.94,4372853
WY,2012-11-21,26.29,26.38,26.04,26.27,2391624
WY,2012-11-22,26.29,26.29,26.29,26.29,0
WY,2012-11-23,26.72,26.72,26.31,26.4857,1054507
WY,2012-11-26,26.56,26.74,26.34,26.54,2836986
WY,2012-11-27,26.56,26.87,26.35,26.5,3557702
WY,2012-11-28,26.73,26.74,26.18,26.45,3443642
WY,2012-11-29,26.78,26.83,26.48,26.8,5259559
WY,2012-11-30,27.56,27.62,26.8,26.86,5569060
WY,2012-12-03,27.5,27.85,27.46,27.62,5032781
WY,2012-12-04,27.16,27.755,27.13,27.5,4405925
WY,2012-12-05,26.58,27.248,26.42,27.23,6992365
WY,2012-12-06,27.03,27.04,26.5,26.59,3992907
WY,2012-12-07,27.21,27.29,27.01,27.1,2867078
WY,2012-12-10,27.45,27.46,27.0786,27.09,3207447
WY,2012-12-11,27.59,27.69,27.41,27.53,2952590
WY,2012-12-12,27.73,27.94,27.53,27.75,3563345
WY,2012-12-13,27.25,27.73,27.16,27.65,3473774
WY,2012-12-14,27.33,27.38,27.12,27.21,2036928
WY,2012-12-17,27.81,27.83,27.3,27.42,3328861
WY,2012-12-18,28.29,28.3,27.7,27.83,4076798
WY,2012-12-19,27.85,28.49,27.82,28.31,5211611
WY,2012-12-20,28.52,28.52,27.78,27.85,3307974
WY,2012-12-21,28.14,28.45,28.0,28.18,5706060
WY,2012-12-24,28.39,28.5,28.05,28.15,1826746
WY,2012-12-25,28.39,28.39,28.39,28.39,0
WY,2012-12-26,28.04,28.42,27.96,28.39,2835436
WY,2012-12-27,28.0,28.235,27.4775,28.08,3021392
WY,2012-12-28,27.58,28.01,27.54,27.86,2797395
WY,2012-12-31,27.82,27.87,27.37,27.58,6013546
WY,2013-01-01,27.82,27.82,27.82,27.82,0
WY,2013-01-02,29.15,29.15,28.36,28.5,6594952
WY,2013-01-03,29.15,29.38,28.99,29.12,3967147
WY,2013-01-04,29.39,29.57,29.17,29.25,3639449
WY,2013-01-07,29.48,29.58,29.22,29.3,2460457
WY,2013-01-08,29.68,29.68,28.8,29.39,5208514
WY,2013-01-09,30.36,30.46,29.615,29.73,6459570
WY,2013-01-10,30.54,30.59,30.31,30.45,4510552
WY,2013-01-11,30.8,30.84,30.42,30.52,3230451
WY,2013-01-14,30.8,30.8632,30.44,30.8,2480279
WY,2013-01-15,30.58,30.755,30.21,30.54,5132531
WY,2013-01-16,30.43,30.6,30.34,30.49,3237551
WY,2013-01-17,30.79,31.0,30.48,30.52,4022265
WY,2013-01-18,30.63,30.84,30.351,30.82,3826510
WY,2013-01-21,30.63,30.63,30.63,30.63,0
WY,2013-01-22,31.12,31.12,30.75,30.75,5088613
WY,2013-01-23,31.32,31.35,30.98,31.04,3885369
WY,2013-01-24,31.5,31.7376,31.22,31.33,4322008
WY,2013-01-25,30.95,31.15,29.9501,31.0,9764953
WY,2013-01-28,30.06,31.2,29.97,30.89,8335846
WY,2013-01-29,30.58,30.6,30.09,30.09,4443848
WY,2013-01-30,29.89,30.57,29.68,30.49,5751323
WY,2013-01-31,30.12,30.26,29.73,29.9,4042926
WY,2013-02-01,30.39,30.49,30.05,30.39,6274782
WY,2013-02-04,30.47,30.64,30.0,30.0,4662001
WY,2013-02-05,30.97,31.11,30.61,30.65,5578088
WY,2013-02-06,30.97,31.075,30.67,30.92,3598122
WY,2013-02-07,30.08,30.95,29.98,30.9,6393545
WY,2013-02-08,30.21,30.4,29.89,30.19,5647854
WY,2013-02-11,30.14,30.22,29.96,30.2,3833730
WY,2013-02-12,30.31,30.45,30.03,30.17,5386432
WY,2013-02-13,30.48,30.67,30.41,30.58,3285712
WY,2013-02-14,30.44,30.48,30.15,30.43,3148056
WY,2013-02-15,30.65,30.66,30.4,30.49,3745589
WY,2013-02-18,30.65,30.65,30.65,30.65,0
WY,2013-02-19,30.83,30.91,30.49,30.91,5544775
WY,2013-02-20,29.78,30.88,29.76,30.83,6671711
WY,2013-02-21,29.11,29.8,28.935,29.79,7942005
WY,2013-02-22,29.72,29.73,29.28,29.32,2846973
WY,2013-02-25,28.78,30.05,28.78,29.83,5386431
WY,2013-02-26,29.35,29.4099,28.83,29.07,5540396
WY,2013-02-27,29.61,29.795,29.06,29.2,3996907
WY,2013-02-28,29.41,29.77,29.41,29.61,3509957
WY,2013-03-01,29.57,29.65,28.9,29.3,4021270
WY,2013-03-04,29.95,30.03,29.52,29.57,2915186
WY,2013-03-05,30.38,30.55,29.96,30.05,3573601
WY,2013-03-06,30.26,30.67,30.22,30.54,3360668
WY,2013-03-07,30.18,30.33,30.0,30.26,2997937
WY,2013-03-08,30.24,30.45,29.89,30.28,3459102
WY,2013-03-11,30.51,30.52,30.115,30.21,3019856
WY,2013-03-12,30.2,30.5,30.175,30.41,2743301
WY,2013-03-13,30.34,30.39,29.965,30.2,2402180
WY,2013-03-14,30.82,30.82,30.34,30.37,4028057
WY,2013-03-15,30.55,30.8,30.39,30.7,5392589
WY,2013-03-18,30.2,30.39,30.01,30.22,3971149
WY,2013-03-19,30.72,30.87,30.48,30.61,4696825
WY,2013-03-20,31.4,31.435,30.79,30.89,5047354
WY,2013-03-21,30.75,31.25,30.74,31.15,3251638
WY,2013-03-22,31.01,31.08,30.6,30.86,2384494
WY,2013-03-25,30.85,31.4,30.68,31.2,2969969
WY,2013-03-26,30.99,31.25,30.94,31.06,2141334
WY,2013-03-27,31.01,31.041,30.62,30.85,1823263
WY,2013-03-28,31.38,31.42,30.91,31.04,3860948
WY,2013-03-29,31.38,31.38,31.38,31.38,0
WY,2013-04-01,31.33,31.51,30.945,31.36,3136480
WY,2013-04-02,31.6,31.71,31.36,31.41,3635455
WY,2013-04-03,30.32,31.67,30.0899,31.67,7269756
WY,2013-04-04,31.22,31.24,30.4,30.42,3707703
WY,2013-04-05,31.16,31.2,30.32,30.61,3691797
WY,2013-04-08,31.48,31.48,30.84,31.14,2559616
WY,2013-04-09,31.27,31.54,31.115,31.5,2644613
WY,2013-04-10,31.63,31.66,31.17,31.29,2913506
WY,2013-04-11,31.71,31.863,31.5,31.62,3250827
WY,2013-04-12,31.78,31.97,31.62,31.64,3238602
WY,2013-04-15,30.42,31.75,30.42,31.6,5797346
WY,2013-04-16,30.6,31.15,30.46,30.82,5919887
WY,2013-04-17,29.74,30.46,29.235,30.41,8316226
WY,2013-04-18,29.29,29.88,28.91,29.86,6632541
WY,2013-04-19,29.84,30.186,29.46,29.48,5550517
WY,2013-04-22,30.05,30.24,29.37,30.0,4354952
WY,2013-04-23,30.75,30.98,30.18,30.22,4331621
WY,2013-04-24,31.41,31.5,30.82,30.82,5159081
WY,2013-04-25,31.38,31.51,31.03,31.47,5648249
WY,2013-04-26,30.53,32.0,30.48,31.85,6373411
WY,2013-04-29,30.43,30.79,30.215,30.7,3557459
WY,2013-04-30,30.51,30.54,30.12,30.33,4015612
WY,2013-05-01,30.14,30.64,30.06,30.36,4239708
WY,2013-05-02,30.25,30.47,30.07,30.22,3224269
WY,2013-05-03,30.65,30.92,30.4,30.54,3280300
WY,2013-05-06,31.04,31.09,30.52,30.65,2583701
WY,2013-05-07,31.38,31.5,30.965,31.19,2655791
WY,2013-05-08,31.33,31.4,30.82,30.96,3057195
WY,2013-05-09,31.81,32.325,31.4,31.49,6350600
WY,2013-05-10,31.39,31.815,31.26,31.79,3169991
WY,2013-05-13,30.9,31.396,30.8,31.26,3468706
WY,2013-05-14,32.26,32.27,31.38,31.5,7027847
WY,2013-05-15,32.35,32.36,31.92,32.24,4007957
WY,2013-05-16,31.97,32.4,31.7801,32.17,4376026
WY,2013-05-17,32.48,32.5,32.1201,32.15,4310421
WY,2013-05-20,32.37,32.67,32.285,32.5,2989066
WY,2013-05-21,32.6,32.64,32.14,32.36,3566679
WY,2013-05-22,32.33,33.24,32.11,32.52,8284578
WY,2013-05-23,32.05,32.28,31.65,31.87,4595021
WY,2013-05-24,31.74,32.01,31.63,31.94,3629019
WY,2013-05-27,31.74,31.74,31.74,31.74,0
WY,2013-05-28,31.8,32.55,31.72,32.22,5319552
WY,2013-05-29,30.53,31.6299,30.305,31.54,7243086
WY,2013-05-30,29.66,30.72,29.65,30.63,8963911
WY,2013-05-31,29.82,30.327,29.54,29.81,8595338
WY,2013-06-03,30.06,30.47,29.73,29.99,6593231
WY,2013-06-04,29.23,30.16,29.2,30.0,5660591
WY,2013-06-05,28.32,29.2,28.165,29.18,9129600
WY,2013-06-06,29.02,29.02,28.18,28.3,5247720
WY,2013-06-07,29.03,29.26,28.67,29.16,4136316
WY,2013-06-10,29.1,29.52,28.78,29.5,5194843
WY,2013-06-11,28.69,28.98,28.28,28.63,4696292
WY,2013-06-12,27.79,28.96,27.73,28.91,5804179
WY,2013-06-13,28.61,28.7,27.61,27.73,6411812
WY,2013-06-14,28.29,28.92,28.225,28.58,3645607
WY,2013-06-17,28.66,29.36,28.65,29.0,10177745
WY,2013-06-18,28.24,28.77,28.03,28.5,14444538
WY,2013-06-19,27.31,28.25,27.26,28.15,38635178
WY,2013-06-20,27.03,27.52,26.85,27.26,16073701
WY,2013-06-21,27.42,27.58,26.91,27.3,12986363
WY,2013-06-24,27.01,27.64,26.38,27.0,9511299
WY,2013-06-25,27.52,27.69,27.05,27.38,8220117
WY,2013-06-26,27.73,27.95,27.595,27.74,5574582
WY,2013-06-27,28.2,28.54,27.705,27.85,9039951
WY,2013-06-28,28.49,28.69,27.79,28.13,13489332
WY,2013-07-01,28.1,28.8,28.05,28.52,4608884
WY,2013-07-02,28.54,28.73,28.01,28.06,5019246
WY,2013-07-03,28.46,28.58,28.19,28.32,2095091
WY,2013-07-04,28.46,28.46,28.46,28.46,0
WY,2013-07-05,28.31,28.62,28.02,28.58,3526399
WY,2013-07-08,28.38,28.75,28.31,28.56,3754956
WY,2013-07-09,28.73,28.99,28.4299,28.5,4153244
WY,2013-07-10,28.74,28.85,28.47,28.66,3304564
WY,2013-07-11,29.35,29.38,29.0,29.07,5069540
WY,2013-07-12,29.55,29.56,29.21,29.36,2802233
WY,2013-07-15,29.36,29.5,29.17,29.4,2392912
WY,2013-07-16,29.36,29.58,29.2,29.35,3715954
WY,2013-07-17,29.27,29.52,29.21,29.38,3461146
WY,2013-07-18,29.6,29.67,29.29,29.39,3558370
WY,2013-07-19,29.86,29.86,29.2954,29.51,3823543
WY,2013-07-22,29.5,29.86,29.43,29.85,3311888
WY,2013-07-23,29.33,29.64,29.31,29.61,3514394
WY,2013-07-24,28.86,29.42,28.645,29.38,4107567
WY,2013-07-25,29.14,29.15,28.52,28.77,5349604
WY,2013-07-26,28.8,29.56,28.375,29.36,5596479
WY,2013-07-29,27.99,28.39,27.57,28.28,7943330
WY,2013-07-30,28.22,28.35,28.0,28.0,4982570
WY,2013-07-31,28.4,28.89,27.89,28.2,6216694
WY,2013-08-01,28.31,28.78,28.25,28.55,4558906
WY,2013-08-02,27.98,28.32,27.93,28.24,4458260
WY,2013-08-05,28.16,28.31,27.91,27.98,3858130
WY,2013-08-06,28.18,28.43,28.1,28.15,3780033
WY,2013-08-07,27.6,28.09,27.58,28.03,3435395
WY,2013-08-08,27.32,27.72,27.27,27.66,5406747
WY,2013-08-09,27.81,27.84,27.25,27.3,4598309
WY,2013-08-12,27.32,27.73,27.26,27.68,3569321
WY,2013-08-13,26.99,27.44,26.8,27.41,4520799
WY,2013-08-14,27.79,28.22,27.28,27.47,6994133
WY,2013-08-15,27.17,27.46,26.81,27.21,6707193
WY,2013-08-16,27.06,27.525,26.95,27.09,5440308
WY,2013-08-19,26.65,27.085,26.64,27.0,3451906
WY,2013-08-20,27.35,27.53,26.88,26.91,5690743
WY,2013-08-21,27.32,27.67,26.99,27.42,3821043
WY,2013-08-22,27.48,27.53,27.21,27.47,3537570
WY,2013-08-23,27.81,27.82,27.3245,27.53,3542096
WY,2013-08-26,27.96,28.25,27.72,27.91,3467902
WY,2013-08-27,27.33,27.81,27.32,27.66,4022354
WY,2013-08-28,27.66,27.9,26.9746,27.1,4793557
WY,2013-08-29,27.72,27.98,27.51,27.58,3331919
WY,2013-08-30,27.38,27.71,27.28,27.7,4446177
WY,2013-09-02,27.38,27.38,27.38,27.38,0
WY,2013-09-03,27.1,27.6,26.91,27.57,4091146
WY,2013-09-04,27.1,27.3225,26.97,27.06,4142864
WY,2013-09-05,27.76,27.87,27.35,27.44,5957205
WY,2013-09-06,28.51,28.74,27.77,28.05,8061681
WY,2013-09-09,28.95,29.1,28.33,28.57,6189030
WY,2013-09-10,28.78,29.09,28.48,29.06,4579317
WY,2013-09-11,28.43,28.73,28.21,28.67,4317196
WY,2013-09-12,28.32,28.62,28.16,28.51,3260062
WY,2013-09-13,28.39,28.52,28.22,28.36,2707842
WY,2013-09-16,28.77,29.17,28.58,28.95,3344654
WY,2013-09-17,28.58,28.94,28.52,28.82,2618943
WY,2013-09-18,29.29,29.29,28.13,28.48,6020064
WY,2013-09-19,29.27,29.64,29.16,29.28,5100064
WY,2013-09-20,28.81,29.34,28.69,29.25,5042281
WY,2013-09-23,28.26,28.82,28.17,28.67,4364496
WY,2013-09-24,28.35,28.79,28.22,28.34,4756213
WY,2013-09-25,28.53,28.74,28.34,28.44,3711363
WY,2013-09-26,28.82,28.96,28.57,28.62,3174072
WY,2013-09-27,28.93,28.99,28.555,28.66,3010893
WY,2013-09-30,28.63,28.83,28.42,28.66,3786594
WY,2013-10-01,29.13,29.23,28.62,28.72,3334224
WY,2013-10-02,29.07,29.2,28.76,28.95,3023095
WY,2013-10-03,28.77,29.05,28.34,28.93,3736345
WY,2013-10-04,28.59,28.88,28.44,28.69,3169565
WY,2013-10-07,28.6,28.76,28.25,28.33,3193117
WY,2013-10-08,28.12,28.62,28.12,28.5,4215412
WY,2013-10-09,28.25,28.47,28.01,28.19,3367535
WY,2013-10-10,28.94,28.95,28.46,28.52,3820157
WY,2013-10-11,29.34,29.34,28.75,28.75,2798600
WY,2013-10-14,29.3,29.34,28.91,29.05,2218773
WY,2013-10-15,28.78,29.295,28.77,29.14,3239753
WY,2013-10-16,29.4,29.42,28.85,28.95,3623445
WY,2013-10-17,30.01,30.13,29.18,29.25,3770689
WY,2013-10-18,30.11,30.31,29.97,30.18,3318740
WY,2013-10-21,30.09,30.6,29.71,30.06,6040035
WY,2013-10-22,30.33,30.51,29.93,29.99,3785518
WY,2013-10-23,30.46,30.48,30.11,30.26,3841627
WY,2013-10-24,30.3,30.5,30.18,30.45,4622022
WY,2013-10-25,31.39,32.0,30.915,31.88,7751853
WY,2013-10-28,31.34,31.48,31.05,31.39,3988242
WY,2013-10-29,30.95,31.28,30.72,31.25,3909088
WY,2013-10-30,30.47,31.02,30.43,30.78,5532000
WY,2013-10-31,30.415,30.75,30.19,30.51,5022498
WY,2013-11-01,30.34,30.58,29.97,30.41,3619425
WY,2013-11-04,30.37,30.8,30.215,30.74,3473341
WY,2013-11-05,29.5,30.19,29.42,30.19,6536867
WY,2013-11-06,29.37,29.74,29.34,29.7,3058588
WY,2013-11-07,29.13,29.64,29.06,29.47,3778260
WY,2013-11-08,29.3,29.33,28.56,29.02,4818509
WY,2013-11-11,29.11,29.35,28.92,29.19,2971045
WY,2013-11-12,29.15,29.22,28.815,29.11,3437966
WY,2013-11-13,29.73,29.78,28.9701,29.08,5184491
WY,2013-11-14,29.86,29.975,29.48,29.48,4699758
WY,2013-11-15,29.74,29.9,29.645,29.77,3428063
WY,2013-11-18,29.66,29.94,29.59,29.85,2609854
WY,2013-11-19,29.61,29.77,29.51,29.67,2058293
WY,2013-11-20,29.17,29.94,29.08,29.62,3986986
WY,2013-11-21,29.44,29.52,29.18,29.24,3701532
WY,2013-11-22,29.56,29.6,29.25,29.52,3024394
WY,2013-11-25,29.55,29.73,29.25,29.44,2688315
WY,2013-11-26,29.59,29.86,29.4499,29.56,3183686
WY,2013-11-27,30.59,30.68,29.7,29.8,3742673
WY,2013-11-28,30.59,30.59,30.59,30.59,0
WY,2013-11-29,30.13,30.59,29.92,30.5,2601647
WY,2013-12-02,29.6,30.25,29.58,30.1,4219676
WY,2013-12-03,29.49,29.64,29.38,29.5,3159191
WY,2013-12-04,29.41,29.44,29.01,29.34,4498162
WY,2013-12-05,29.42,29.53,29.13,29.38,3641760
WY,2013-12-06,29.82,29.94,29.42,29.66,2676559
WY,2013-12-09,30.08,30.27,29.82,29.96,4416720
WY,2013-12-10,29.99,30.35,29.94,30.02,3572654
WY,2013-12-11,29.3,29.99,29.2,29.99,3198384
WY,2013-12-12,29.63,29.9,29.425,29.54,3877613
WY,2013-12-13,30.01,30.21,29.77,29.81,4182020
WY,2013-12-16,30.61,30.61,30.09,30.19,4291877
WY,2013-12-17,30.1,30.53,29.94,30.46,5362375
WY,2013-12-18,31.39,31.4,30.17,30.35,9472909
WY,2013-12-19,31.27,31.4925,31.03,31.15,4541218
WY,2013-12-20,31.4,31.62,31.18,31.24,5438000
WY,2013-12-23,31.33,31.71,31.3,31.52,2971214
WY,2013-12-24,31.28,31.54,31.23,31.36,1479117
WY,2013-12-25,31.28,31.28,31.28,31.28,0
WY,2013-12-26,31.33,31.6,31.19,31.45,2140168
WY,2013-12-27,31.3,31.46,31.17,31.46,1508203
WY,2013-12-30,31.43,31.48,31.29,31.33,1851985
WY,2013-12-31,31.57,31.6,31.3,31.42,2898768
WY,2014-01-01,31.57,31.57,31.57,31.57,0
WY,2014-01-02,31.27,31.58,31.167,31.38,2749463
WY,2014-01-03,31.34,31.59,31.18,31.18,1945874
WY,2014-01-06,31.02,31.43,30.8,31.41,3340883
WY,2014-01-07,31.11,31.28,30.49,30.99,4501212
WY,2014-01-08,30.82,31.04,30.5722,31.0,4596574
WY,2014-01-09,31.0,31.05,30.67,30.98,2776039
WY,2014-01-10,31.06,31.32,30.98,31.11,2137604
WY,2014-01-13,30.58,31.04,30.48,30.91,2062719
WY,2014-01-14,30.94,31.08,30.62,30.69,2140825
WY,2014-01-15,31.05,31.21,30.84,30.99,2083279
WY,2014-01-16,31.17,31.3,31.0,31.01,2552640
WY,2014-01-17,30.97,31.25,30.9,31.23,2515728
WY,2014-01-20,30.97,30.97,30.97,30.97,0
WY,2014-01-21,31.15,31.23,30.9,31.04,2417125
WY,2014-01-22,31.11,31.36,31.06,31.17,2194241
WY,2014-01-23,30.56,31.06,30.53,30.9,4262858
WY,2014-01-24,30.19,30.615,30.16,30.41,4907382
WY,2014-01-27,30.33,30.679,30.11,30.22,4263590
WY,2014-01-28,30.73,31.05,30.45,30.46,3821639
WY,2014-01-29,30.54,30.84,30.4,30.52,2868542
WY,2014-01-30,30.77,30.89,30.58,30.75,2776920
WY,2014-01-31,29.88,30.27,29.66,29.93,6995696
WY,2014-02-03,29.39,30.12,29.19,29.88,4851591
WY,2014-02-04,29.41,29.65,29.22,29.44,3551102
WY,2014-02-05,29.07,29.33,28.84,29.32,5450690
WY,2014-02-06,29.51,29.61,29.06,29.12,2923506
WY,2014-02-07,29.88,29.9,29.35,29.64,3383087
WY,2014-02-10,30.01,30.03,29.6,29.84,2944207
WY,2014-02-11,30.19,30.24,29.84,29.97,2543838
WY,2014-02-12,30.28,30.31,30.01,30.23,2673286
WY,2014-02-13,30.39,30.45,30.08,30.11,2301804
WY,2014-02-14,30.45,30.53,30.27,30.32,2175070
WY,2014-02-17,30.45,30.45,30.45,30.45,0
WY,2014-02-18,30.51,30.55,30.3,30.44,2122682
WY,2014-02-19,30.35,30.59,30.25,30.4,3485104
WY,2014-02-20,30.45,30.6,30.291,30.35,2719475
WY,2014-02-21,30.18,30.43,30.13,30.42,2989518
WY,2014-02-24,30.21,30.43,30.18,30.19,3287009
WY,2014-02-25,29.92,30.23,29.86,30.22,4589022
WY,2014-02-26,29.85,30.07,29.7,29.78,3814421
WY,2014-02-27,29.51,29.98,29.38,29.89,4603301
WY,2014-02-28,29.51,29.65,29.32,29.55,5394170
WY,2014-03-03,29.28,29.53,29.19,29.37,4771956
WY,2014-03-04,29.62,29.64,29.43,29.6,5296133
WY,2014-03-05,29.82,29.86,29.39,29.59,5059277
WY,2014-03-06,30.16,30.29,29.84,29.84,2912009
WY,2014-03-07,29.79,30.28,29.78,30.23,3323435
WY,2014-03-10,29.67,29.85,29.6,29.79,3561453
WY,2014-03-11,29.6,29.76,29.48,29.76,2474645
WY,2014-03-12,29.6,29.75,29.49,29.49,2549329
WY,2014-03-13,29.78,29.86,29.37,29.68,5842592
WY,2014-03-14,29.86,30.05,29.75,29.75,3710010
WY,2014-03-17,29.33,30.02,29.3,29.97,4801603
WY,2014-03-18,29.61,29.62,29.27,29.37,4133511
WY,2014-03-19,29.17,29.68,29.01,29.68,4369598
WY,2014-03-20,29.28,29.28,28.89,29.11,3591395
WY,2014-03-21,29.29,29.63,29.18,29.47,4288152
WY,2014-03-24,29.23,29.35,29.1,29.33,2511115
WY,2014-03-25,29.25,29.47,29.06,29.37,2475506
WY,2014-03-26,28.89,29.3699,28.88,29.31,2459755
WY,2014-03-27,28.84,28.97,28.63,28.97,4620267
WY,2014-03-28,29.18,29.27,28.93,28.99,2596806
WY,2014-03-31,29.35,29.48,29.07,29.36,2350597
WY,2014-04-01,29.79,29.79,29.035,29.24,3754630
WY,2014-04-02,29.47,29.8,29.44,29.79,3046378
WY,2014-04-03,29.75,29.8,29.35,29.5,4277739
WY,2014-04-04,29.6,29.89,29.55,29.8,3598967
WY,2014-04-07,29.01,29.65,28.99,29.57,4038546
WY,2014-04-08,28.55,29.16,28.5,28.95,7066148
WY,2014-04-09,28.67,28.91,28.209,28.58,5372461
WY,2014-04-10,28.19,28.84,28.09,28.63,3402732
WY,2014-04-11,27.72,28.21,27.68,28.09,4001210
WY,2014-04-14,27.89,27.94,27.6,27.91,2676399
WY,2014-04-15,27.76,27.96,27.48,27.87,3800974
WY,2014-04-16,27.9,28.0,27.66,27.99,3417444
WY,2014-04-17,27.87,27.95,27.67,27.79,4481880
WY,2014-04-18,27.87,27.87,27.87,27.87,0
WY,2014-04-21,28.2,28.22,27.84,27.9,2254331
WY,2014-04-22,28.45,28.5,28.0,28.2,3032460
WY,2014-04-23,28.6,28.75,28.18,28.43,4220242
WY,2014-04-24,28.74,28.8,28.5,28.64,3611717
WY,2014-04-25,29.52,29.65,28.76,28.85,4606689
WY,2014-04-28,29.81,29.9,29.47,29.63,3843419
WY,2014-04-29,29.92,29.93,29.705,29.86,2857469
WY,2014-04-30,29.85,30.0,29.71,29.8892,3386138
WY,2014-05-01,29.93,29.95,29.5401,29.76,3442307
WY,2014-05-02,29.94,30.14,29.78,29.87,2722414
WY,2014-05-05,30.26,30.29,29.82,29.85,3228581
WY,2014-05-06,30.26,30.38,29.98,30.19,3828507
WY,2014-05-07,30.42,30.44,30.01,30.12,2500329
WY,2014-05-08,30.17,30.6,30.07,30.35,2930632
WY,2014-05-09,30.3,30.34,29.9737,30.16,2570190
WY,2014-05-12,30.33,30.55,30.28,30.44,2256513
WY,2014-05-13,30.28,30.69,30.25,30.48,2679743
WY,2014-05-14,30.48,30.74,30.25,30.36,3700776
WY,2014-05-15,30.07,30.45,29.83,30.44,2330742
WY,2014-05-16,30.31,30.45,30.08,30.11,2831668
WY,2014-05-19,30.21,30.33,30.03,30.3,2628582
WY,2014-05-20,29.89,30.24,29.76,30.08,2270860
WY,2014-05-21,30.25,30.3,29.92,29.96,3153646
WY,2014-05-22,30.35,30.53,30.12,30.23,22033722
WY,2014-05-23,30.87,30.97,30.15,30.4,11135709
WY,2014-05-26,30.87,30.87,30.87,30.87,0
WY,2014-05-27,30.9,31.11,30.755,30.87,6101991
WY,2014-05-28,31.11,31.195,30.71,30.9,5376515
WY,2014-05-29,31.27,31.48,31.07,31.19,6095492
WY,2014-05-30,31.42,31.46,31.1702,31.23,3973685
WY,2014-06-02,31.45,31.5,31.36,31.46,3485170
WY,2014-06-03,31.08,31.32,30.97,31.27,6597738
WY,2014-06-04,30.98,31.06,30.71,31.03,12129219
WY,2014-06-05,31.29,31.35,30.835,30.97,16633308
WY,2014-06-06,31.34,31.585,31.3,31.34,10570858
WY,2014-06-09,31.32,31.47,31.2,31.32,7108046
WY,2014-06-10,31.24,31.4,31.11,31.25,7184962
WY,2014-06-11,31.14,31.205,30.88,31.1,8965506
WY,2014-06-12,30.89,31.07,30.765,31.01,6729072
WY,2014-06-13,30.84,30.95,30.59,30.9,3508468
WY,2014-06-16,30.86,30.875,30.5,30.76,6107375
WY,2014-06-17,30.93,30.95,30.71,30.77,3608115
WY,2014-06-18,30.86,30.94,30.525,30.91,5437412
WY,2014-06-19,30.87,30.94,30.71,30.82,4391656
WY,2014-06-20,31.08,31.12,30.63,30.83,7489666
WY,2014-06-23,31.23,31.41,31.01,31.08,7839439
WY,2014-06-24,32.17,32.4,31.15,31.15,15597524
WY,2014-06-25,32.32,32.36,31.777,32.13,18857621
WY,2014-06-26,32.7,32.75,32.31,32.33,17516588
WY,2014-06-27,32.58,32.87,32.201,32.66,27737931
WY,2014-06-30,33.09,33.255,32.483,32.71,21266107
WY,2014-07-01,32.45,33.09,32.4,33.07,22729005
WY,2014-07-02,32.9,33.15,32.55,32.67,13178121
WY,2014-07-03,33.22,33.75,32.64,32.79,57594697
WY,2014-07-04,33.22,33.22,33.22,33.22,0
WY,2014-07-07,33.18,33.23,32.85,33.09,11445590
WY,2014-07-08,33.35,33.6,33.04,33.23,11892142
WY,2014-07-09,33.1,33.48,33.05,33.36,8624714
WY,2014-07-10,32.57,33.0,32.54,32.81,11816280
WY,2014-07-11,32.38,32.72,32.16,32.57,9855992
WY,2014-07-14,32.24,32.45,32.17,32.39,9145196
WY,2014-07-15,32.29,32.63,32.28,32.41,9120585
WY,2014-07-16,32.42,32.5,32.19,32.43,6652204
WY,2014-07-17,32.25,32.58,32.17,32.25,7772719
WY,2014-07-18,32.58,32.63,32.25,32.33,6425663
WY,2014-07-21,32.26,32.53,32.19,32.52,3997464
WY,2014-07-22,32.27,32.53,32.27,32.47,3673363
WY,2014-07-23,32.12,32.38,32.09,32.28,3078266
WY,2014-07-24,32.05,32.26,31.95,32.18,3152398
WY,2014-07-25,31.92,32.1,31.84,31.93,2034080
WY,2014-07-28,32.27,32.3,31.85,31.94,4861281
WY,2014-07-29,31.96,32.28,31.945,32.27,3622042
WY,2014-07-30,31.82,32.21,31.62,32.09,3783978
WY,2014-07-31,31.32,31.8,31.3,31.73,5407874
WY,2014-08-01,31.23,32.0,31.09,31.89,5706929
WY,2014-08-04,31.61,31.73,31.34,31.57,2917881
WY,2014-08-05,31.42,31.71,31.305,31.52,2677728
WY,2014-08-06,31.61,31.685,31.16,31.27,2161342
WY,2014-08-07,31.55,31.73,31.47,31.66,1653101
WY,2014-08-08,32.0,32.0,31.43,31.6,2506223
WY,2014-08-11,32.1,32.24,31.94,32.0,2838631
WY,2014-08-12,32.33,32.42,32.01,32.04,2225346
WY,2014-08-13,32.34,32.47,32.22,32.43,1438553
WY,2014-08-14,33.06,33.15,32.5,32.61,3871449
WY,2014-08-15,32.96,33.18,32.83,33.13,2292588
WY,2014-08-18,33.42,33.42,33.14,33.15,2766712
WY,2014-08-19,33.97,34.03,33.38,33.47,3826927
WY,2014-08-20,34.1,34.15,33.78,33.87,3470558
WY,2014-08-21,34.38,34.42,34.1,34.1,4236482
WY,2014-08-22,34.28,34.41,34.26,34.29,2027542
WY,2014-08-25,34.46,34.51,34.32,34.4,1862234
WY,2014-08-26,34.28,34.6,34.24,34.42,2687771
WY,2014-08-27,34.14,34.33,34.0,34.11,1910242
WY,2014-08-28,33.95,34.15,33.88,33.98,2289356
WY,2014-08-29,33.95,34.1,33.87,34.02,2970735
WY,2014-09-01,33.95,33.95,33.95,33.95,0
WY,2014-09-02,33.99,34.125,33.92,34.0,1858313
WY,2014-09-03,33.89,34.15,33.87,34.04,3485428
WY,2014-09-04,33.9,34.178,33.77,34.09,2925550
WY,2014-09-05,33.95,34.04,33.79,33.79,4022674
WY,2014-09-08,34.0,34.09,33.91,33.97,2507770
WY,2014-09-09,33.84,34.04,33.76,33.91,2389414
WY,2014-09-10,33.73,33.88,33.55,33.78,1689392
WY,2014-09-11,33.69,33.81,33.53,33.57,1786263
WY,2014-09-12,33.09,33.66,32.89,33.66,4707283
WY,2014-09-15,32.93,33.25,32.83,33.07,2700761
WY,2014-09-16,33.1,33.28,32.9,32.95,4143684
WY,2014-09-17,32.89,33.38,32.85,33.16,2928592
WY,2014-09-18,32.63,33.01,32.47,32.89,4132232
WY,2014-09-19,32.39,32.83,32.3374,32.74,4896811
WY,2014-09-22,31.87,32.52,31.85,32.4,4499297
WY,2014-09-23,31.65,32.01,31.63,31.75,3816533
WY,2014-09-24,32.17,32.36,31.55,31.64,3420640
WY,2014-09-25,31.96,32.15,31.85,32.11,2850445
WY,2014-09-26,32.32,32.345,31.82,31.93,3235409
WY,2014-09-29,32.25,32.355,31.97,32.1,3181444
WY,2014-09-30,31.86,32.29,31.86,32.24,3022037
WY,2014-10-01,31.78,31.98,31.62,31.86,3906370
WY,2014-10-02,32.06,32.22,31.61,31.79,3101814
WY,2014-10-03,32.42,32.54,32.11,32.19,2609041
WY,2014-10-06,32.22,32.69,32.145,32.47,2695060
WY,2014-10-07,31.83,32.31,31.82,32.12,2570617
WY,2014-10-08,32.12,32.23,31.81,31.83,6841800
WY,2014-10-09,31.77,32.31,31.69,32.12,5711721
WY,2014-10-10,32.0,32.49,31.7175,31.8,4860842
WY,2014-10-13,32.12,32.6,32.02,32.02,3470583
WY,2014-10-14,32.5,32.94,32.12,32.32,3843361
WY,2014-10-15,32.09,32.505,31.61,32.18,4720477
WY,2014-10-16,32.39,32.67,31.7,31.79,4344940
WY,2014-10-17,32.99,33.05,32.56,32.66,4801374
WY,2014-10-20,33.25,33.27,32.77,32.9,3011196
WY,2014-10-21,33.68,33.95,33.16,33.4,2371187
WY,2014-10-22,33.27,33.88,33.21,33.7,3158475
WY,2014-10-23,33.74,33.895,33.43,33.5,2401398
WY,2014-10-24,33.89,33.945,33.5,33.66,2678926
WY,2014-10-27,34.03,34.05,33.64,33.86,2514290
WY,2014-10-28,34.13,34.13,33.74,34.1,2516854
WY,2014-10-29,33.08,33.85,32.92,33.84,4234653
WY,2014-10-30,33.54,33.63,32.885,33.06,4727032
WY,2014-10-31,33.86,34.04,33.03,33.66,4841503
WY,2014-11-03,34.28,34.39,33.88,33.88,3013750
WY,2014-11-04,34.46,34.49,34.04,34.29,2763383
WY,2014-11-05,34.38,34.53,34.19,34.53,3056198
WY,2014-11-06,34.24,34.48,34.1,34.37,2924183
WY,2014-11-07,34.3,34.49,34.15,34.18,2184218
WY,2014-11-10,34.41,34.54,34.17,34.18,2233562
WY,2014-11-11,34.25,34.51,34.21,34.39,2212505
WY,2014-11-12,34.03,34.36,33.89,34.25,4874738
WY,2014-11-13,33.95,34.28,33.89,34.03,1644202
WY,2014-11-14,33.9,34.12,33.77,33.97,2878320
WY,2014-11-17,34.03,34.13,33.87,33.9,1929360
WY,2014-11-18,34.39,34.48,34.01,34.02,2794200
WY,2014-11-19,34.2,34.44,34.12,34.36,4018441
WY,2014-11-20,34.18,34.285,34.0,34.03,4735208
WY,2014-11-21,34.35,34.47,34.25,34.42,4736740
WY,2014-11-24,34.83,34.91,34.47,34.5,2835831
WY,2014-11-25,35.23,35.29,34.73,34.89,3459717
WY,2014-11-26,34.92,35.54,34.85,35.35,3436560
WY,2014-11-27,34.92,34.92,34.92,34.92,0
WY,2014-11-28,35.31,35.34,34.99,35.03,1731414
WY,2014-12-01,35.16,35.45,35.15,35.29,2619984
WY,2014-12-02,35.36,35.44,35.0678,35.19,1589502
WY,2014-12-03,35.43,35.5,35.205,35.38,2227374
WY,2014-12-04,35.3,35.37,35.06,35.35,2150502
WY,2014-12-05,35.53,35.55,35.0375,35.24,2673454
WY,2014-12-08,36.11,36.17,35.53,35.55,3769089
WY,2014-12-09,36.15,36.35,35.65,35.69,3635144
WY,2014-12-10,36.05,36.7,36.0,36.18,4704806
WY,2014-12-11,36.09,36.39,36.01,36.06,2994362
WY,2014-12-12,35.83,36.39,35.73,35.86,3139376
WY,2014-12-15,35.59,35.99,35.5,35.9,3923068
WY,2014-12-16,34.74,35.58,34.68,35.54,5869903
WY,2014-12-17,35.01,35.25,34.7,34.81,5149575
WY,2014-12-18,35.3,35.56,35.14,35.28,5907202
WY,2014-12-19,36.19,36.375,35.35,35.42,6474648
WY,2014-12-22,36.49,36.62,36.21,36.21,4166050
WY,2014-12-23,36.58,36.78,36.46,36.59,2389926
WY,2014-12-24,36.62,36.78,36.58,36.73,1081268
WY,2014-12-25,36.62,36.62,36.62,36.62,0
WY,2014-12-26,36.63,36.88,36.59,36.78,1681641
WY,2014-12-29,36.64,36.87,36.51,36.52,1587842
WY,2014-12-30,36.44,36.69,36.31,36.64,1797249
WY,2014-12-31,35.89,36.67,35.85,36.48,2024211
WY,2015-01-01,35.89,35.89,35.89,35.89,0
WY,2015-01-02,36.11,36.19,35.865,35.87,2427157
WY,2015-01-05,36.11,36.24,35.9,35.9,2385433
WY,2015-01-06,36.07,36.495,35.98,36.21,3405886
WY,2015-01-07,36.18,36.345,35.78,35.79,2873072
WY,2015-01-08,36.57,36.73,36.33,36.42,3004544
WY,2015-01-09,36.52,36.79,36.445,36.57,2022654
WY,2015-01-12,36.57,36.67,36.35,36.52,1888905
WY,2015-01-13,36.69,37.04,36.52,36.8,2645144
WY,2015-01-14,36.44,36.48,36.015,36.46,2776926
WY,2015-01-15,36.37,36.77,36.33,36.62,2959758
WY,2015-01-16,36.63,36.7,36.09,36.31,2814654
WY,2015-01-19,36.63,36.63,36.63,36.63,0
WY,2015-01-20,35.91,36.89,35.78,36.75,5039726
WY,2015-01-21,35.67,35.9,35.42,35.79,3368612
WY,2015-01-22,36.48,36.53,35.725,35.93,3112686
WY,2015-01-23,36.04,36.56,36.04,36.53,2613447
WY,2015-01-26,36.12,36.12,35.76,36.04,2727652
WY,2015-01-27,35.91,36.11,35.82,35.88,2257572
WY,2015-01-28,35.57,36.28,35.56,36.11,2361766
WY,2015-01-29,35.41,35.695,35.12,35.66,4823835
WY,2015-01-30,35.85,36.35,35.19,35.33,5314459
WY,2015-02-02,35.24,35.83,34.87,35.83,5203869
WY,2015-02-03,35.57,35.58,35.09,35.28,3914506
WY,2015-02-04,35.29,35.6,35.07,35.48,3147669
WY,2015-02-05,35.51,35.655,35.31,35.43,2601387
WY,2015-02-06,34.87,35.61,34.75,35.61,3632981
WY,2015-02-09,34.85,35.135,34.82,34.85,2385145
WY,2015-02-10,35.22,35.3799,34.92,35.02,2391224
WY,2015-02-11,35.1,35.4,34.99,35.22,2089582
WY,2015-02-12,35.56,35.64,35.17,35.26,1967340
WY,2015-02-13,35.52,35.57,35.29,35.45,1796850
WY,2015-02-16,35.52,35.52,35.52,35.52,0
WY,2015-02-17,35.01,35.53,34.93,35.45,3608152
WY,2015-02-18,35.46,35.54,34.83,34.89,2710678
WY,2015-02-19,35.16,35.37,35.04,35.32,2742536
WY,2015-02-20,35.49,35.585,35.12,35.26,5399724
WY,2015-02-23,35.73,35.75,35.46,35.53,2122326
WY,2015-02-24,35.14,35.68,35.02,35.68,3144891
WY,2015-02-25,34.94,35.235,34.89,34.93,3026499
WY,2015-02-26,35.09,35.575,34.9,34.97,4099662
WY,2015-02-27,35.11,35.21,34.84,35.09,2319300
WY,2015-03-02,35.2,35.6,34.99,35.18,2268516
WY,2015-03-03,34.81,35.09,34.54,35.0,3085024
WY,2015-03-04,34.27,34.84,34.19,34.64,2679102
WY,2015-03-05,34.13,34.53,34.11,34.36,2599734
WY,2015-03-06,33.03,33.97,32.8229,33.88,6649689
WY,2015-03-09,33.54,33.69,33.0,33.02,4074643
WY,2015-03-10,33.24,33.58,33.16,33.21,3297528
WY,2015-03-11,33.39,33.5,33.18,33.29,2559798
WY,2015-03-12,33.74,33.895,33.4,33.55,2735763
WY,2015-03-13,33.06,33.67,32.91,33.64,4131666
WY,2015-03-16,33.68,33.78,33.21,33.22,2740608
WY,2015-03-17,33.46,33.83,33.455,33.59,2184991
WY,2015-03-18,34.12,34.26,33.17,33.44,3424600
WY,2015-03-19,33.89,34.26,33.85,33.99,2359092
WY,2015-03-20,34.46,34.55,33.8,34.18,4882920
WY,2015-03-23,34.38,34.56,34.26,34.45,2421728
WY,2015-03-24,34.3,34.49,34.2,34.32,2521510
WY,2015-03-25,33.28,34.28,33.27,34.28,4540172
WY,2015-03-26,33.06,33.35,32.74,33.2,3960576
WY,2015-03-27,33.05,33.32,32.97,33.06,2379445
WY,2015-03-30,33.17,33.34,32.93,33.18,2653098
WY,2015-03-31,33.15,33.56,32.95,33.04,3532098
WY,2015-04-01,32.86,33.19,32.675,33.17,2904756
WY,2015-04-02,32.64,33.04,32.6,32.82,4511722
WY,2015-04-03,32.64,32.64,32.64,32.64,0
WY,2015-04-06,32.51,32.75,32.43,32.55,7015838
WY,2015-04-07,32.15,32.6,32.14,32.55,4184389
WY,2015-04-08,32.36,32.36,32.05,32.24,3128341
WY,2015-04-09,32.16,32.41,32.08,32.31,3023714
WY,2015-04-10,32.25,32.44,32.2,32.24,2176215
WY,2015-04-13,32.2,32.35,32.08,32.21,2534048
WY,2015-04-14,31.99,32.22,31.84,32.1,4279190
WY,2015-04-15,32.02,32.145,31.93,32.08,3160573
WY,2015-04-16,32.15,32.3,31.47,31.89,3505211
WY,2015-04-17,31.55,32.0849,31.52,32.0,3550367
WY,2015-04-20,31.73,31.88,31.65,31.65,8847643
WY,2015-04-21,31.61,31.99,31.58,31.82,2749035
WY,2015-04-22,31.75,31.7999,31.51,31.62,2338722
WY,2015-04-23,31.86,32.0,31.555,31.73,2148591
WY,2015-04-24,32.33,32.465,31.85,31.85,4196524
WY,2015-04-27,32.16,32.45,32.08,32.37,3639600
WY,2015-04-28,32.18,32.33,31.94,32.07,2874957
WY,2015-04-29,31.73,32.12,31.64,31.97,2669024
WY,2015-04-30,31.51,31.67,31.25,31.6,4560072
WY,2015-05-01,32.01,32.145,31.16,31.39,8361351
WY,2015-05-04,31.59,32.07,31.45,31.95,5075532
WY,2015-05-05,31.12,31.61,31.07,31.52,3103845
WY,2015-05-06,31.17,31.32,31.06,31.13,4116422
WY,2015-05-07,32.04,32.125,31.11,31.24,4486357
WY,2015-05-08,32.53,32.805,32.4,32.4,4470962
WY,2015-05-11,32.38,32.53,32.13,32.4,4593484
WY,2015-05-12,31.95,32.33,31.83,32.24,3089486
WY,2015-05-13,32.03,32.36,31.99,32.14,3405026
WY,2015-05-14,32.53,32.67,32.11,32.2,3338928
WY,2015-05-15,32.34,32.64,32.26,32.62,2645619
WY,2015-05-18,32.07,32.37,32.0,32.32,2797340
WY,2015-05-19,32.66,32.725,31.97,32.0,4361305
WY,2015-05-20,32.67,32.91,32.59,32.74,3048757
WY,2015-05-21,32.58,32.71,32.435,32.59,2693771
WY,2015-05-22,32.73,32.87,32.36,32.48,3912648
WY,2015-05-25,32.73,32.73,32.73,32.73,0
WY,2015-05-26,32.96,33.03,32.41,32.6,5942407
WY,2015-05-27,33.0,33.06,32.74,33.02,4648596
WY,2015-05-28,32.96,33.06,32.65,33.01,3565840
WY,2015-05-29,32.56,32.98,32.5,32.94,3434487
WY,2015-06-01,32.5,32.8,32.381,32.59,3383745
WY,2015-06-02,32.42,32.62,32.27,32.52,3605329
WY,2015-06-03,31.85,32.17,31.85,32.17,3623510
WY,2015-06-04,31.69,31.92,31.64,31.79,12328547
WY,2015-06-05,31.46,31.89,31.43,31.48,3567528
WY,2015-06-08,31.51,31.83,31.44,31.48,2341028
WY,2015-06-09,31.24,31.63,31.21,31.5,2477792
WY,2015-06-10,31.8,32.005,31.38,31.38,3188908
WY,2015-06-11,32.17,32.25,31.87,31.92,3342279
WY,2015-06-12,32.06,32.36,32.01,32.13,1987364
WY,2015-06-15,32.04,32.24,31.89,31.95,3111399
WY,2015-06-16,32.96,33.105,32.1,32.1,6783988
WY,2015-06-17,32.67,33.05,32.52,32.97,6050615
WY,2015-06-18,32.71,33.05,32.69,32.82,5711259
WY,2015-06-19,32.57,32.73,32.45,32.7,4804594
WY,2015-06-22,32.57,32.79,32.44,32.68,2491508
WY,2015-06-23,32.31,32.57,32.2,32.53,2124982
WY,2015-06-24,32.25,32.54,32.18,32.31,2636759
WY,2015-06-25,31.86,32.41,31.84,32.3,2614904
WY,2015-06-26,32.07,32.29,31.76,31.86,3134072
WY,2015-06-29,31.53,32.11,31.5,31.97,2221671
WY,2015-06-30,31.5,31.8265,31.46,31.68,3079783
WY,2015-07-01,32.0,32.03,31.35,31.53,2618887
WY,2015-07-02,31.84,32.34,31.78,32.15,2279279
WY,2015-07-03,31.84,31.84,31.84,31.84,0
WY,2015-07-06,31.73,31.89,31.6,31.6,2423670
WY,2015-07-07,32.06,32.155,31.62,31.81,2992236
WY,2015-07-08,31.56,31.98,31.44,31.89,2281249
WY,2015-07-09,31.26,31.86,31.25,31.76,2457032
WY,2015-07-10,31.29,31.6,31.24,31.46,2355017
WY,2015-07-13,31.65,31.69,31.29,31.45,3541355
WY,2015-07-14,31.26,31.67,31.235,31.62,3056899
WY,2015-07-15,31.21,31.39,31.03,31.22,2484922
WY,2015-07-16,30.96,31.26,30.735,30.77,4295136
WY,2015-07-17,30.48,30.96,30.33,30.96,4894380
WY,2015-07-20,30.54,30.66,30.35,30.44,2290658
WY,2015-07-21,30.26,30.62,30.1227,30.5,2957342
WY,2015-07-22,30.18,30.54,30.12,30.25,2005237
WY,2015-07-23,30.03,30.157,29.87,30.14,3029397
WY,2015-07-24,29.77,30.05,29.76,29.98,1680210
WY,2015-07-27,29.99,30.05,29.632,29.71,5260386
WY,2015-07-28,30.05,30.18,29.905,30.1,4155399
WY,2015-07-29,30.3,30.46,29.95,30.03,2814512
WY,2015-07-30,30.46,30.52,30.04,30.14,3261303
WY,2015-07-31,30.69,31.37,30.63,30.63,3197167
WY,2015-08-03,30.82,30.86,30.48,30.67,2666647
WY,2015-08-04,31.07,31.09,30.8,30.82,3482803
WY,2015-08-05,30.79,31.3,30.79,31.09,3033563
WY,2015-08-06,30.66,30.88,30.455,30.78,2754746
WY,2015-08-07,31.06,31.09,30.49,30.61,2949161
WY,2015-08-10,31.06,31.34,30.93,31.22,3509691
WY,2015-08-11,30.81,31.03,30.76,30.97,3317052
WY,2015-08-12,30.95,30.97,30.345,30.65,3446200
WY,2015-08-13,30.99,31.155,30.69,30.83,5021349
WY,2015-08-14,31.19,31.21,30.7,31.01,3993869
WY,2015-08-17,31.08,31.22,30.91,31.14,2881040
WY,2015-08-18,31.15,31.21,30.855,31.04,2475181
WY,2015-08-19,30.91,31.19,30.84,31.02,2576682
WY,2015-08-20,30.58,30.825,30.53,30.74,3013738
WY,2015-08-21,29.97,30.53,29.96,30.44,4436296
WY,2015-08-24,28.17,29.42,28.03,29.26,9552989
WY,2015-08-25,26.9,29.05,26.88,28.66,7857027
WY,2015-08-26,27.48,27.57,26.84,27.49,10312506
WY,2015-08-27,28.0,28.23,27.405,27.7,4385955
WY,2015-08-28,28.24,28.41,27.75,28.05,3658462
WY,2015-08-31,27.94,28.26,27.87,28.18,3873216
WY,2015-09-01,27.59,27.89,27.31,27.49,5185786
WY,2015-09-02,27.82,27.95,27.535,27.93,3333880
WY,2015-09-03,27.9,28.09,27.8,27.91,3450243
WY,2015-09-04,27.37,27.66,27.2,27.59,3076633
WY,2015-09-07,27.37,27.37,27.37,27.37,0
WY,2015-09-08,27.65,27.77,27.35,27.77,3443488
WY,2015-09-09,26.91,27.75,26.88,27.66,3759991
WY,2015-09-10,27.29,27.49,26.91,26.96,4777534
WY,2015-09-11,27.32,27.37,26.882,27.2,4272877
WY,2015-09-14,27.18,27.39,27.06,27.37,3021718
WY,2015-09-15,27.37,27.63,27.01,27.44,3355031
WY,2015-09-16,28.45,28.57,27.37,27.37,7176918
WY,2015-09-17,28.62,29.15,28.38,28.43,5041331
WY,2015-09-18,28.26,28.66,28.14,28.3,5816342
WY,2015-09-21,28.25,28.42,28.0,28.31,3907170
WY,2015-09-22,27.7,28.0901,27.605,28.04,2683709
WY,2015-09-23,27.59,27.74,27.305,27.7,2631396
WY,2015-09-24,27.25,27.45,27.04,27.42,2832286
WY,2015-09-25,27.2,27.5,27.06,27.39,3157378
WY,2015-09-28,26.87,27.19,26.76,27.11,3079555
WY,2015-09-29,27.06,27.22,26.82,26.85,3053727
WY,2015-09-30,27.34,27.41,27.1139,27.29,2837534
WY,2015-10-01,27.0,27.62,26.75,27.62,3270795
WY,2015-10-02,27.45,27.46,26.73,26.84,2846408
WY,2015-10-05,27.97,27.98,27.5,27.53,3286578
WY,2015-10-06,27.83,28.01,27.765,27.96,2650369
WY,2015-10-07,28.15,28.24,27.92,27.92,3150552
WY,2015-10-08,28.55,28.6,28.08,28.13,2719700
WY,2015-10-09,28.85,28.88,28.45,28.74,3782866
WY,2015-10-12,28.75,29.04,28.62,28.77,2786387
WY,2015-10-13,28.88,29.12,28.54,28.55,3022538
WY,2015-10-14,28.77,29.13,28.73,28.88,2251340
WY,2015-10-15,28.94,29.0,28.53,28.88,3145050
WY,2015-10-16,29.42,29.47,29.04,29.08,4781770
WY,2015-10-19,29.25,29.49,29.09,29.34,2233431
WY,2015-10-20,29.14,29.34,28.99,29.2,2336081
WY,2015-10-21,29.22,29.32,28.98,29.2,2305782
WY,2015-10-22,30.01,30.07,29.33,29.44,3499835
WY,2015-10-23,30.03,30.3097,29.77,30.09,3597317
WY,2015-10-26,29.28,30.08,29.18,30.06,3290832
WY,2015-10-27,29.03,29.26,28.8003,29.12,3459540
WY,2015-10-28,29.28,29.32,28.74,28.77,4450045
WY,2015-10-29,29.17,29.32,28.83,29.11,4078291
WY,2015-10-30,29.33,29.66,29.07,29.17,3846318
WY,2015-11-02,30.75,30.77,29.44,29.79,6584887
WY,2015-11-03,31.06,31.49,30.5,30.61,6502077
WY,2015-11-04,30.92,31.17,30.8,31.13,4064147
WY,2015-11-05,31.08,31.24,30.76,30.92,3259894
WY,2015-11-06,30.4,30.905,30.33,30.73,4238471
WY,2015-11-09,29.5,29.87,28.72,29.54,17175479
WY,2015-11-10,29.24,29.55,29.19,29.44,7685561
WY,2015-11-11,29.81,29.95,29.1,29.25,8244666
WY,2015-11-12,29.39,29.75,29.39,29.72,5182855
WY,2015-11-13,29.25,29.7,29.12,29.6,5870052
WY,2015-11-16,30.14,30.235,29.24,29.25,7608586
WY,2015-11-17,30.75,31.12,30.0,30.14,8472596
WY,2015-11-18,31.93,31.94,30.26,30.85,8781630
WY,2015-11-19,31.93,32.1,31.715,32.0,5245668
WY,2015-11-20,32.19,32.29,31.98,32.22,4954441
WY,2015-11-23,31.96,32.3,31.82,32.15,3426889
WY,2015-11-24,32.17,32.19,31.58,31.78,3384803
WY,2015-11-25,32.28,32.3261,32.05,32.15,3255315
WY,2015-11-26,32.28,32.28,32.28,32.28,0
WY,2015-11-27,32.37,32.55,32.24,32.28,1858479
WY,2015-11-30,32.17,32.5,32.09,32.33,5049832
WY,2015-12-01,32.14,32.715,32.0,32.37,7141088
WY,2015-12-02,31.76,32.19,31.695,32.1,2887342
WY,2015-12-03,31.46,31.82,31.205,31.75,3700202
WY,2015-12-04,32.05,32.15,31.46,31.59,4882520
WY,2015-12-07,31.77,31.98,31.57,31.95,3182281
WY,2015-12-08,31.55,31.77,31.43,31.58,2167983
WY,2015-12-09,31.19,31.79,31.1,31.45,3791476
WY,2015-12-10,30.93,31.28,30.82,31.21,3188682
WY,2015-12-11,30.48,30.92,30.33,30.64,3145920
WY,2015-12-14,30.01,30.61,29.85,30.4,4741533
WY,2015-12-15,30.1,30.31,29.92,30.22,4199582
WY,2015-12-16,30.87,30.94,30.07,30.24,3822845
WY,2015-12-17,30.64,31.01,30.39,30.86,3945748
WY,2015-12-18,29.51,30.39,29.51,30.38,6986190
WY,2015-12-21,29.69,29.81,29.265,29.68,3958332
WY,2015-12-22,30.15,30.32,29.65,29.87,2981275
WY,2015-12-23,30.62,30.68,30.19,30.27,3872293
WY,2015-12-24,30.72,30.865,30.475,30.58,1470145
WY,2015-12-25,30.72,30.72,30.72,30.72,0
WY,2015-12-28,30.57,30.68,30.34,30.64,2360388
WY,2015-12-29,30.61,30.93,30.48,30.83,2261379
WY,2015-12-30,30.34,30.72,30.32,30.6,1998313
WY,2015-12-31,29.98,30.34,29.84,30.33,2302927
WY,2016-01-01,29.98,29.98,29.98,29.98,0
WY,2016-01-04,29.83,29.855,29.44,29.51,3556643
WY,2016-01-05,29.9,30.03,29.625,29.94,2722797
WY,2016-01-06,29.24,29.64,29.1216,29.63,4843246
WY,2016-01-07,28.16,28.95,28.1,28.92,4917361
WY,2016-01-08,27.9,28.4,27.84,28.23,5022781
WY,2016-01-11,27.61,28.14,27.51,27.98,5552471
WY,2016-01-12,27.02,27.94,26.7,27.93,8042172
WY,2016-01-13,26.75,27.66,26.71,27.12,5326883
WY,2016-01-14,26.41,26.96,26.37,26.89,5584229
WY,2016-01-15,25.82,26.165,25.53,25.92,5296645
WY,2016-01-18,25.82,25.82,25.82,25.82,0
WY,2016-01-19,25.47,26.25,25.28,26.23,6689370
WY,2016-01-20,24.6,25.3,23.73,25.23,10461826
WY,2016-01-21,25.0,25.46,24.51,24.7,5425920
WY,2016-01-22,25.42,25.63,24.99,25.36,4667122
WY,2016-01-25,24.51,25.38,24.45,25.3,3745678
WY,2016-01-26,24.75,24.97,24.5,24.67,4762954
WY,2016-01-27,24.52,24.91,24.34,24.72,6402509
WY,2016-01-28,24.42,24.91,24.26,24.73,7185940
WY,2016-01-29,25.61,25.62,24.62,24.67,10958784
WY,2016-02-01,26.09,26.22,25.15,25.44,7993236
WY,2016-02-02,25.33,25.92,25.305,25.92,4895580
WY,2016-02-03,25.46,25.67,24.76,25.48,4905853
WY,2016-02-04,25.74,26.035,25.38,25.39,6348888
WY,2016-02-05,23.99,25.64,23.9,25.6,8203975
WY,2016-02-08,23.4,23.875,22.93,23.86,7657491
WY,2016-02-09,23.08,23.5201,22.665,23.17,6017205
WY,2016-02-10,22.68,23.49,22.62,23.29,4817209
WY,2016-02-11,22.22,22.53,22.06,22.35,8462822
WY,2016-02-12,22.6,22.75,22.35,22.5,6614293
WY,2016-02-15,22.6,22.6,22.6,22.6,0
WY,2016-02-16,23.77,24.0,22.86,22.97,7091864
WY,2016-02-17,24.18,24.439,23.74,23.85,8967946
WY,2016-02-18,23.84,24.26,23.53,24.18,7295745
WY,2016-02-19,22.87,23.74,22.66,23.74,23395771
WY,2016-02-22,23.58,23.67,23.11,23.19,14405633
WY,2016-02-23,24.25,24.59,23.29,23.57,11825021
WY,2016-02-24,25.0,25.369,24.0,24.0,13042547
WY,2016-02-25,25.36,25.435,24.7,25.13,7482811
WY,2016-02-26,25.59,26.0,25.25,25.47,8375628
WY,2016-02-29,25.98,26.43,25.5,25.58,12182147
WY,2016-03-01,26.65,26.75,26.09,26.13,7432043
WY,2016-03-02,27.07,27.09,26.5,26.54,6339068
WY,2016-03-03,27.26,27.39,27.02,27.31,6717641
WY,2016-03-04,27.44,27.91,26.8627,26.92,7074297
WY,2016-03-07,27.63,27.72,27.27,27.33,7183266
WY,2016-03-08,27.49,27.83,27.47,27.51,7071471
WY,2016-03-09,27.57,27.82,27.465,27.72,4901368
WY,2016-03-10,28.06,28.1,27.55,27.65,6375788
WY,2016-03-11,28.72,28.795,28.3,28.32,7007307
WY,2016-03-14,29.08,29.23,28.53,28.53,7060613
WY,2016-03-15,29.33,29.375,28.68,28.84,7129179
WY,2016-03-16,29.45,29.62,29.05,29.17,6349147
WY,2016-03-17,30.08,30.49,29.43,29.49,9911678
WY,2016-03-18,30.09,30.33,29.86,30.14,8054461
WY,2016-03-21,30.27,30.55,30.01,30.07,5294484
WY,2016-03-22,30.59,30.82,30.02,30.02,5007957
WY,2016-03-23,30.24,30.72,30.24,30.5,4343888
WY,2016-03-24,30.34,30.39,29.83,30.14,4490129
WY,2016-03-25,30.34,30.34,30.34,30.34,0
WY,2016-03-28,30.62,30.81,30.2538,30.42,4932901
WY,2016-03-29,31.03,31.16,30.36,30.57,5222342
WY,2016-03-30,31.05,31.38,30.93,31.2,4702846
WY,2016-03-31,30.98,31.33,30.82,31.0,6836308
WY,2016-04-01,31.15,31.29,30.71,30.82,6153063
WY,2016-04-04,31.19,31.45,30.95,31.11,5358937
WY,2016-04-05,30.78,31.06,30.71,30.87,5740769
WY,2016-04-06,30.79,30.99,30.209,30.78,6111612
WY,2016-04-07,30.79,31.03,30.555,30.62,4433238
WY,2016-04-08,31.24,31.4,30.75,30.75,4987578
WY,2016-04-11,31.31,31.7,31.24,31.3,5226404
WY,2016-04-12,31.45,31.73,31.17,31.29,4822625
WY,2016-04-13,31.77,31.92,31.37,31.43,4753408
WY,2016-04-14,31.71,31.8801,31.5,31.8,3231535
WY,2016-04-15,31.73,31.81,31.57,31.66,3845275
WY,2016-04-18,31.99,32.0,31.515,31.55,3373737
WY,2016-04-19,31.98,32.2,31.68,32.0,4778820
WY,2016-04-20,31.92,32.17,31.915,32.03,5731478
WY,2016-04-21,31.83,32.17,31.75,31.89,5054901
WY,2016-04-22,32.26,32.36,31.87,31.92,2988316
WY,2016-04-25,31.89,32.36,31.88,32.19,4416763
WY,2016-04-26,32.24,32.2865,31.93,31.96,3194994
WY,2016-04-27,32.32,32.4819,32.02,32.33,2716729
WY,2016-04-28,32.02,32.555,31.9,32.555,4321739
WY,2016-04-29,32.12,32.185,31.85,31.94,3952995
WY,2016-05-02,32.28,32.44,32.01,32.26,4380771
WY,2016-05-03,31.57,31.83,31.34,31.76,6345840
WY,2016-05-04,31.44,31.67,31.31,31.4,5208861
WY,2016-05-05,31.54,31.9,31.38,31.49,5295066
WY,2016-05-06,31.61,31.84,30.54,31.35,5390476
WY,2016-05-09,30.95,31.43,30.67,31.26,13724445
WY,2016-05-10,31.09,31.22,30.79,31.14,4568192
WY,2016-05-11,30.99,31.31,30.83,31.01,4331510
WY,2016-05-12,31.23,31.38,31.02,31.13,3476646
WY,2016-05-13,30.86,31.49,30.81,31.14,4332548
WY,2016-05-16,30.97,31.17,30.74,30.74,4127750
WY,2016-05-17,30.69,31.09,30.52,30.93,4398248
WY,2016-05-18,30.46,30.98,30.2216,30.64,4760536
WY,2016-05-19,30.31,30.38,29.99,30.25,5258187
WY,2016-05-20,30.42,30.63,30.27,30.35,9257084
WY,2016-05-23,30.87,31.055,30.42,30.55,3477654
WY,2016-05-24,31.13,31.27,30.85,30.91,4196111
WY,2016-05-25,31.45,31.64,31.195,31.2,3404117
WY,2016-05-26,31.25,31.55,31.19,31.46,3306341
WY,2016-05-27,31.48,31.65,31.2,31.25,2887528
WY,2016-05-30,31.48,31.48,31.48,31.48,0
WY,2016-05-31,31.5,31.72,31.38,31.56,6074250
WY,2016-06-01,31.32,31.51,31.13,31.35,3096337
WY,2016-06-02,31.33,31.37,31.13,31.27,3071237
WY,2016-06-03,31.12,31.62,31.04,31.35,3489433
WY,2016-06-06,31.14,31.38,31.06,31.14,3913217
WY,2016-06-07,31.19,31.32,31.09,31.22,3539928
WY,2016-06-08,30.87,31.14,30.8,30.93,2957246
WY,2016-06-09,30.37,30.78,30.01,30.78,5041410
WY,2016-06-10,30.59,30.66,30.035,30.18,5058285
WY,2016-06-13,29.71,30.71,29.7,30.58,5515523
WY,2016-06-14,28.75,29.7,28.58,29.69,9539474
WY,2016-06-15,28.7,29.01,28.585,28.76,4852508
WY,2016-06-16,28.72,28.75,28.08,28.54,4949198
WY,2016-06-17,28.69,28.86,28.5,28.69,7402414
WY,2016-06-20,29.02,29.25,28.87,29.12,5637721
WY,2016-06-21,28.58,29.25,28.54,29.16,5776275
WY,2016-06-22,28.62,28.885,28.295,28.67,7174331
WY,2016-06-23,29.52,29.52,28.745,28.92,6694537
WY,2016-06-24,27.73,28.94,27.715,28.77,13021573
WY,2016-06-27,26.77,27.52,26.55,27.48,9934160
WY,2016-06-28,27.88,27.88,26.97,27.1,8608025
WY,2016-06-29,29.23,29.405,28.51,28.51,7548021
WY,2016-06-30,29.77,30.025,29.26,29.32,12056729
WY,2016-07-01,30.12,30.19,29.65,29.65,4555305
WY,2016-07-04,30.12,30.12,30.12,30.12,0
WY,2016-07-05,29.7,30.06,29.54,29.89,12197614
WY,2016-07-06,30.12,30.145,29.515,29.52,4701530
WY,2016-07-07,30.14,30.4302,29.99,30.09,4601497
WY,2016-07-08,30.67,30.89,30.34,30.41,5302717
WY,2016-07-11,31.24,31.38,30.66,30.73,7476079
WY,2016-07-12,31.85,32.1,31.415,31.5,5937029
WY,2016-07-13,31.97,32.09,31.69,31.94,3668942
WY,2016-07-14,32.04,32.26,31.96,32.14,3646063
WY,2016-07-15,32.03,32.25,31.98,32.08,3843735
WY,2016-07-18,32.24,32.3,31.96,31.98,2910251
WY,2016-07-19,31.98,32.215,31.9,32.04,2839287
WY,2016-07-20,32.3,32.35,31.9,32.05,3105971
WY,2016-07-21,32.29,32.48,32.2,32.3,2508482
WY,2016-07-22,32.43,32.5,32.17,32.32,2396711
WY,2016-07-25,32.49,32.6,32.3,32.35,3615778
WY,2016-07-26,32.91,32.92,32.42,32.5,3779356
WY,2016-07-27,32.58,33.065,32.47,32.98,3782680
WY,2016-07-28,32.37,32.59,32.12,32.45,5266252
WY,2016-07-29,32.72,32.765,32.24,32.24,4072485
WY,2016-08-01,32.75,32.77,32.575,32.72,2813656
WY,2016-08-02,32.44,32.83,32.36,32.74,3335000
WY,2016-08-03,32.37,32.559,31.88,32.35,3177426
WY,2016-08-04,32.65,32.73,32.17,32.33,3287839
WY,2016-08-05,32.88,33.17,32.1313,32.5,4317423
WY,2016-08-08,32.37,33.005,32.36,32.74,3272528
WY,2016-08-09,32.33,32.52,32.25,32.33,2221152
WY,2016-08-10,32.72,32.74,32.33,32.33,2565120
WY,2016-08-11,32.47,32.91,32.4,32.87,2903220
WY,2016-08-12,31.86,32.19,31.655,32.14,3875027
WY,2016-08-15,31.9,32.16,31.87,31.91,2538956
WY,2016-08-16,31.5,31.99,31.5,31.86,2968232
WY,2016-08-17,31.68,31.71,31.42,31.54,3101978
WY,2016-08-18,31.41,31.75,31.19,31.73,2986360
WY,2016-08-19,31.18,31.29,30.88,31.25,3688461
WY,2016-08-22,31.22,31.23,30.7915,31.12,2370394
WY,2016-08-23,31.54,31.78,31.38,31.48,2975322
WY,2016-08-24,31.14,31.52,31.03,31.5,2292411
WY,2016-08-25,31.54,31.65,31.08,31.08,3297000
WY,2016-08-26,31.1,31.97,30.93,31.64,3321186
WY,2016-08-29,31.64,31.72,31.24,31.4,3401505
WY,2016-08-30,31.84,31.9,31.56,31.66,2610411
WY,2016-08-31,31.85,31.92,31.56,31.79,4403271
WY,2016-09-01,31.87,32.02,31.47,31.82,2783878
WY,2016-09-02,31.85,32.24,31.73,32.1,2196227
WY,2016-09-05,31.85,31.85,31.85,31.85,0
WY,2016-09-06,32.17,32.54,31.76,32.54,3069281
WY,2016-09-07,31.79,32.21,31.58,32.21,2226255
WY,2016-09-08,31.79,31.92,31.59,31.63,5924458
WY,2016-09-09,30.31,31.4,30.29,31.4,5570330
WY,2016-09-12,30.97,31.1161,30.05,30.15,4205431
WY,2016-09-13,30.0,30.73,29.88,30.67,3855851
WY,2016-09-14,29.83,30.11,29.72,29.95,3839029
WY,2016-09-15,30.14,30.3,29.66,29.81,2491885
WY,2016-09-16,29.91,30.15,29.79,29.94,5521192
WY,2016-09-19,30.13,30.31,29.93,30.11,2689709
WY,2016-09-20,29.96,30.51,29.96,30.45,2081258
WY,2016-09-21,30.34,30.4,29.73,30.04,2949011
WY,2016-09-22,32.08,32.15,31.11,31.19,7948208
WY,2016-09-23,32.18,32.32,31.61,31.62,4392893
WY,2016-09-26,31.64,32.2,31.62,31.96,2476152
WY,2016-09-27,31.73,31.91,31.47,31.69,2584197
WY,2016-09-28,32.39,32.59,31.93,31.98,3979006
WY,2016-09-29,31.86,32.46,31.82,32.34,3027613
WY,2016-09-30,31.94,32.37,31.86,32.17,3920242
WY,2016-10-03,31.8,32.03,31.66,32.0,2998616
WY,2016-10-04,31.03,31.79,30.87,31.78,3604038
WY,2016-10-05,30.64,31.38,30.58,31.19,3842345
WY,2016-10-06,31.1,31.37,30.42,30.51,3766352
WY,2016-10-07,31.0,31.57,30.73,31.21,3138419
WY,2016-10-10,31.06,31.475,31.01,31.12,2033887
WY,2016-10-11,30.76,31.17,30.52,30.96,2549301
WY,2016-10-12,31.34,31.44,30.69,30.83,2546005
WY,2016-10-13,31.2,31.44,30.88,31.1,2649621
WY,2016-10-14,31.38,31.52,31.1,31.36,3746179
WY,2016-10-17,31.61,31.79,31.47,31.47,2927544
WY,2016-10-18,31.7,32.06,31.65,31.98,2699176
WY,2016-10-19,31.91,32.09,31.69,31.87,1789820
WY,2016-10-20,31.5,31.85,31.39,31.83,2797832
WY,2016-10-21,31.29,31.475,31.02,31.16,2331783
WY,2016-10-24,31.12,31.64,30.88,31.61,4230563
WY,2016-10-25,31.15,31.5,30.93,31.14,3880111
WY,2016-10-26,30.26,30.64,30.23,30.6,3029599
WY,2016-10-27,30.46,30.49,29.99,30.4,4558427
WY,2016-10-28,29.99,30.97,29.83,30.48,5754617
WY,2016-10-31,29.93,30.13,29.76,29.98,4974101
WY,2016-11-01,29.36,30.0,29.1,29.94,4857361
WY,2016-11-02,28.8,29.43,28.8,29.35,4452582
WY,2016-11-03,28.64,29.14,28.5815,28.88,3219399
WY,2016-11-04,28.65,29.095,28.6,28.71,3630059
WY,2016-11-07,29.29,29.29,29.06,29.14,3027619
WY,2016-11-08,29.38,29.47,29.165,29.28,2496060
WY,2016-11-09,29.69,29.8159,28.7,28.82,4856491
WY,2016-11-10,29.17,30.02,29.16,30.02,6090924
WY,2016-11-11,28.7,29.44,28.6241,29.15,5274555
WY,2016-11-14,29.71,29.76,28.75,28.84,4502141
WY,2016-11-15,30.3,30.31,29.875,29.97,3238839
WY,2016-11-16,30.14,30.51,30.06,30.3,3551554
WY,2016-11-17,30.05,30.36,29.905,30.22,4259360
WY,2016-11-18,31.13,31.19,29.97,30.05,6732326
WY,2016-11-21,31.64,31.68,31.22,31.28,5352763
WY,2016-11-22,32.13,32.18,31.55,31.73,4951389
WY,2016-11-23,31.81,31.99,31.43,31.93,3591673
WY,2016-11-24,31.81,31.81,31.81,31.81,0
WY,2016-11-25,32.0,32.27,31.85,31.88,1687457
WY,2016-11-28,31.22,32.06,31.115,31.91,5652400
WY,2016-11-29,31.16,31.4,30.825,31.22,3811074
WY,2016-11-30,30.83,31.16,30.68,31.12,5953651
WY,2016-12-01,30.61,31.1363,30.58,30.83,2959121
WY,2016-12-02,31.05,31.19,30.76,30.78,2819721
WY,2016-12-05,31.72,31.74,31.23,31.3,2970612
WY,2016-12-06,31.85,31.89,31.43,31.75,3398984
WY,2016-12-07,32.93,32.95,31.83,31.93,5722050
WY,2016-12-08,32.78,33.07,32.715,32.9,3008733
WY,2016-12-09,32.72,32.97,32.53,32.78,2763786
WY,2016-12-12,33.12,33.12,32.665,32.75,4517722
WY,2016-12-13,32.07,33.28,32.01,33.25,5505907
WY,2016-12-14,31.33,32.045,31.23,31.72,5224773
WY,2016-12-15,30.61,31.09,30.33,31.09,5637850
WY,2016-12-16,30.72,30.975,30.38,30.75,7114508
WY,2016-12-19,30.47,31.0234,30.22,30.89,3365300
WY,2016-12-20,30.69,31.059,30.43,30.53,5014535
WY,2016-12-21,30.82,31.0,30.78,30.8,3725908
WY,2016-12-22,30.62,30.79,30.02,30.79,3573039
WY,2016-12-23,30.57,30.7,30.38,30.58,2036382
WY,2016-12-26,30.57,30.57,30.57,30.57,0
WY,2016-12-27,30.43,30.67,30.285,30.67,2248539
WY,2016-12-28,29.89,30.55,29.81,30.51,2953214
WY,2016-12-29,30.35,30.48,29.89,29.99,2666743
WY,2016-12-30,30.09,30.45,29.95,30.45,2835816
WY,2017-01-02,30.09,30.09,30.09,30.09,0
WY,2017-01-03,30.36,30.55,30.11,30.23,2650158
WY,2017-01-04,30.63,30.875,30.39,30.49,3678492
WY,2017-01-05,30.95,30.985,30.46,30.49,3547762
WY,2017-01-06,30.85,31.05,30.67,30.89,2679335
WY,2017-01-09,30.97,31.5,30.87,31.1,4017579
WY,2017-01-10,30.73,31.09,30.585,30.96,3687543
WY,2017-01-11,30.96,31.035,30.534,30.74,2322862
WY,2017-01-12,30.57,30.79,30.41,30.78,3959095
WY,2017-01-13,30.64,30.82,30.51,30.52,3611037
WY,2017-01-16,30.64,30.64,30.64,30.64,0
WY,2017-01-17,30.6,30.84,30.46,30.65,2118169
WY,2017-01-18,30.5,30.775,30.44,30.58,2613544
WY,2017-01-19,30.21,30.72,30.05,30.57,4006535
WY,2017-01-20,30.23,30.45,29.875,30.27,6518949
WY,2017-01-23,30.43,30.6,30.17,30.24,3615938
WY,2017-01-24,31.13,31.14,30.55,30.58,5071852
WY,2017-01-25,32.19,32.31,31.34,31.34,6386813
WY,2017-01-26,31.8,32.27,31.71,32.08,9357155
WY,2017-01-27,31.24,31.85,31.08,31.8,4277937
WY,2017-01-30,31.16,31.25,30.8643,31.13,3849409
WY,2017-01-31,31.33,31.51,31.06,31.2,4425312
WY,2017-02-01,31.11,31.49,30.75,31.33,3624554
WY,2017-02-02,31.44,31.5,30.79,30.98,5669423
WY,2017-02-03,32.11,32.225,30.94,31.07,5458896
WY,2017-02-06,31.42,32.05,31.03,31.84,5825104
WY,2017-02-07,32.05,32.175,31.3,31.56,5699380
WY,2017-02-08,32.41,32.71,32.1,32.14,5467719
WY,2017-02-09,33.17,33.17,32.4,32.42,7199103
WY,2017-02-10,33.16,33.3184,32.86,33.09,4083898
WY,2017-02-13,33.79,34.0,33.15,33.23,7372233
WY,2017-02-14,33.29,33.57,32.97,33.52,4172587
WY,2017-02-15,33.66,33.7,32.981,33.3,4667902
WY,2017-02-16,33.52,33.78,33.3501,33.71,3402205
WY,2017-02-17,33.52,33.6201,33.34,33.47,2754674
WY,2017-02-20,33.52,33.52,33.52,33.52,0
WY,2017-02-21,33.98,34.1,33.44,33.51,3641122
WY,2017-02-22,33.76,34.0,33.515,33.95,2360342
WY,2017-02-23,33.66,33.936,33.56,33.88,3555112
WY,2017-02-24,33.47,33.73,33.26,33.53,4561503
WY,2017-02-27,33.94,34.1,33.46,33.63,3649246
WY,2017-02-28,33.72,34.06,33.58,33.62,3792522
WY,2017-03-01,34.07,34.19,33.49,33.66,4320474
WY,2017-03-02,34.19,34.37,33.83,34.02,4477549
WY,2017-03-03,34.14,34.2,33.7,34.06,3239199
WY,2017-03-06,33.72,34.02,33.47,33.94,3228835
WY,2017-03-07,33.47,33.69,33.35,33.6,2418105
WY,2017-03-08,33.6,33.825,33.3911,33.44,2982207
WY,2017-03-09,33.22,33.9,33.16,33.51,3916720
WY,2017-03-10,33.28,33.67,33.215,33.48,2767193
WY,2017-03-13,33.34,33.54,33.16,33.33,2119123
WY,2017-03-14,33.31,33.34,32.9527,33.25,2210550
WY,2017-03-15,33.88,34.0,33.15,33.5,4321380
WY,2017-03-16,33.74,34.0,33.68,33.82,3073242
WY,2017-03-17,33.2,33.92,33.18,33.86,5014479
WY,2017-03-20,33.38,33.515,32.87,33.26,3719017
WY,2017-03-21,33.08,33.62,33.02,33.56,4433108
WY,2017-03-22,33.16,33.38,32.74,33.08,3507536
WY,2017-03-23,33.47,33.7,33.0,33.15,3467659
WY,2017-03-24,33.13,33.59,32.92,33.43,3401463
WY,2017-03-27,33.51,33.56,32.83,32.95,4018276
WY,2017-03-28,33.63,33.79,33.28,33.33,2449972
WY,2017-03-29,33.53,33.6199,33.3,33.55,1932409
WY,2017-03-30,33.89,33.92,33.37,33.471,2310309
WY,2017-03-31,33.98,34.23,33.59,33.75,3408418
WY,2017-04-03,33.71,34.2,33.39,34.0,3730377
WY,2017-04-04,33.96,33.98,33.5,33.61,2527834
WY,2017-04-05,33.97,34.395,33.91,34.05,3024579
WY,2017-04-06,34.41,34.52,33.74,33.95,3155806
WY,2017-04-07,34.86,34.95,34.32,34.42,4725943
WY,2017-04-10,34.73,35.18,34.695,34.87,3853993
WY,2017-04-11,34.64,34.76,34.12,34.76,5591817
WY,2017-04-12,34.58,34.725,34.31,34.4,3235279
WY,2017-04-13,34.43,34.79,34.405,34.62,2780740
WY,2017-04-14,34.43,34.43,34.43,34.43,0
WY,2017-04-17,34.96,34.98,34.43,34.43,2882907
WY,2017-04-18,34.76,35.005,34.665,34.78,2657414
WY,2017-04-19,34.49,35.05,34.12,34.88,5359604
WY,2017-04-20,34.78,34.86,34.53,34.57,4268743
WY,2017-04-21,34.56,34.765,34.42,34.75,4338766
WY,2017-04-24,34.89,35.0,34.465,35.0,5767338
WY,2017-04-25,34.0,34.86,33.86,34.86,7561593
WY,2017-04-26,34.26,34.575,33.94,33.94,8544733
WY,2017-04-27,34.67,34.915,34.3,34.39,4671060
WY,2017-04-28,33.87,35.5,33.75,35.46,6756418
WY,2017-05-01,33.58,33.87,33.35,33.75,4346883
WY,2017-05-02,33.7,33.735,33.4,33.57,7616966
WY,2017-05-03,33.26,33.85,33.16,33.73,4535530
WY,2017-05-04,33.1,33.26,32.83,33.26,3556233
WY,2017-05-05,33.55,33.57,33.0,33.1,2219642
WY,2017-05-08,33.34,33.67,33.26,33.58,2593689
WY,2017-05-09,33.21,33.44,33.12,33.39,2288512
WY,2017-05-10,33.21,33.46,33.14,33.2,2273632
WY,2017-05-11,32.97,33.13,32.71,33.07,2280093
WY,2017-05-12,32.87,32.97,32.77,32.96,1743044
WY,2017-05-15,33.1,33.3,32.886,32.92,1646719
WY,2017-05-16,33.12,33.23,32.79,33.23,1786807
WY,2017-05-17,32.76,33.1971,32.74,32.87,2637214
WY,2017-05-18,32.7,32.78,32.455,32.78,2639053
WY,2017-05-19,33.02,33.315,32.57,32.76,2925728
WY,2017-05-22,33.13,33.22,32.9,33.02,2019070
WY,2017-05-23,33.07,33.275,33.02,33.24,1977444
WY,2017-05-24,33.18,33.28,33.03,33.15,3942144
WY,2017-05-25,33.17,33.41,33.06,33.21,2147904
WY,2017-05-26,33.01,33.19,32.925,33.15,1962918
WY,2017-05-29,33.01,33.01,33.01,33.01,0
WY,2017-05-30,33.14,33.41,32.86,32.86,4450112
WY,2017-05-31,32.96,33.15,32.94,33.13,4857469
WY,2017-06-01,33.51,33.515,32.83,33.07,3381415
WY,2017-06-02,33.51,33.73,33.355,33.58,2980511
WY,2017-06-05,33.38,33.56,33.16,33.56,2814321
WY,2017-06-06,33.41,33.53,33.14,33.29,2236264
WY,2017-06-07,33.02,33.28,32.885,33.2,2355402
WY,2017-06-08,32.59,32.96,32.28,32.93,4354824
WY,2017-06-09,33.23,33.245,32.57,32.6,4545093
WY,2017-06-12,33.6,33.85,33.14,33.15,3614984
WY,2017-06-13,33.81,33.94,33.5,33.6,2802180
WY,2017-06-14,33.77,33.98,33.605,33.86,1926386
WY,2017-06-15,33.6,33.99,33.575,33.6,2719729
WY,2017-06-16,33.66,33.885,33.55,33.74,3771826
WY,2017-06-19,34.04,34.13,33.75,33.8,1985675
WY,2017-06-20,33.96,34.09,33.79,34.0,1958926
WY,2017-06-21,33.76,34.05,33.625,34.0,2718825
WY,2017-06-22,33.94,34.07,33.52,33.78,1886245
WY,2017-06-23,34.14,34.3,33.91,34.0,5325921
WY,2017-06-26,33.63,34.24,33.62,34.24,3298411
WY,2017-06-27,32.85,33.745,32.83,33.68,3806829
WY,2017-06-28,33.2,33.265,32.77,33.02,1652328
WY,2017-06-29,33.07,33.41,33.03,33.24,3038623
WY,2017-06-30,33.5,33.63,33.0515,33.2,3210547
WY,2017-07-03,33.69,33.91,33.57,33.63,1513985
WY,2017-07-04,33.69,33.69,33.69,33.69,0
WY,2017-07-05,33.21,33.5189,32.975,33.49,2581332
WY,2017-07-06,32.06,33.1,32.031,33.05,12248780
WY,2017-07-07,32.01,32.28,31.91,32.03,3123746
WY,2017-07-10,32.22,32.33,31.8,31.83,3885801
WY,2017-07-11,32.51,32.57,32.21,32.25,4173682
WY,2017-07-12,32.93,33.03,32.61,32.61,3744015
WY,2017-07-13,32.72,33.05,32.575,32.99,2681072
WY,2017-07-14,33.15,33.2299,32.66,32.72,2290416
WY,2017-07-17,33.4,33.45,33.03,33.21,1776879
WY,2017-07-18,33.08,33.44,33.02,33.32,2017483
WY,2017-07-19,33.82,33.85,33.19,33.19,2210290
WY,2017-07-20,34.0,34.34,33.84,33.88,3669427
WY,2017-07-21,34.43,34.46,33.91,33.94,2871462
WY,2017-07-24,34.13,34.45,34.06,34.43,2798449
WY,2017-07-25,34.12,34.26,33.87,34.26,2503561
WY,2017-07-26,33.92,34.23,33.83,34.14,2673534
WY,2017-07-27,34.23,34.35,33.64,33.91,4104256
WY,2017-07-28,32.94,34.26,32.85,34.26,4462397
WY,2017-07-31,33.02,33.045,32.685,32.8,7513947
WY,2017-08-01,33.22,33.29,32.93,33.08,3059219
WY,2017-08-02,32.37,33.25,32.25,33.13,3139045
WY,2017-08-03,32.86,32.94,32.26,32.32,2745501
WY,2017-08-04,32.78,32.95,32.67,32.9,1894373
WY,2017-08-07,32.72,32.82,32.56,32.79,1515868
WY,2017-08-08,32.46,32.72,32.35,32.63,1870234
WY,2017-08-09,32.43,32.62,32.21,32.41,1690981
WY,2017-08-10,32.12,32.41,32.064,32.36,1933571
WY,2017-08-11,32.22,32.36,32.0,32.07,2027550
WY,2017-08-14,32.24,32.5093,32.08,32.16,3042454
WY,2017-08-15,31.94,32.3281,31.73,32.27,2388947
WY,2017-08-16,31.91,32.23,31.87,32.1,2007334
WY,2017-08-17,31.28,32.03,31.265,31.88,3254000
WY,2017-08-18,31.17,31.385,30.9504,31.19,2798142
WY,2017-08-21,31.48,31.52,31.16,31.22,2167823
WY,2017-08-22,31.38,31.77,31.29,31.5,2174592
WY,2017-08-23,31.36,31.499,31.2,31.27,1385599
WY,2017-08-24,31.38,31.99,31.29,31.39,1533412
WY,2017-08-25,31.7,31.98,31.51,31.56,2943638
WY,2017-08-28,31.77,31.89,31.54,31.79,1968269
WY,2017-08-29,31.52,32.0,31.485,31.75,3129331
WY,2017-08-30,31.75,31.78,31.35,31.49,2415168
WY,2017-08-31,32.61,32.715,31.8971,32.04,4681774
WY,2017-09-01,32.07,32.7,32.03,32.7,2567975
WY,2017-09-04,32.07,32.07,32.07,32.07,0
WY,2017-09-05,32.3,32.445,31.83,32.11,3276357
WY,2017-09-06,33.23,33.389,32.52,32.63,5037366
WY,2017-09-07,33.15,33.405,33.0801,33.13,3429381
WY,2017-09-08,33.58,33.7298,33.13,33.19,4371652
WY,2017-09-11,33.33,33.86,33.02,33.84,3575716
WY,2017-09-12,33.24,33.4,32.73,33.4,2915509
WY,2017-09-13,33.1,33.33,32.97,33.22,8490823
WY,2017-09-14,33.06,33.2,32.91,33.04,1938044
WY,2017-09-15,32.99,33.11,32.85,33.04,4022382
WY,2017-09-18,33.37,33.44,32.93,32.93,3764940
WY,2017-09-19,33.28,33.45,33.18,33.39,2810804
WY,2017-09-20,33.4,33.7,33.32,33.43,2355329
WY,2017-09-21,33.42,33.595,33.05,33.39,3213860
WY,2017-09-22,33.58,33.65,33.28,33.43,2535051
WY,2017-09-25,33.81,33.89,33.51,33.57,2662937
WY,2017-09-26,33.72,33.88,33.67,33.8,2486474
WY,2017-09-27,33.8,33.83,33.415,33.72,2103897
WY,2017-09-28,34.01,34.05,33.615,33.72,1614882
WY,2017-09-29,34.03,34.195,33.87,34.0,2804657
WY,2017-10-02,34.12,34.28,33.985,34.06,1951157
WY,2017-10-03,34.12,34.3,34.05,34.11,1446708
WY,2017-10-04,34.32,34.34,34.07,34.07,1302668
WY,2017-10-05,34.22,34.49,34.12,34.34,2689369
WY,2017-10-06,34.2,34.2,33.92,34.1,1699966
WY,2017-10-09,34.12,34.29,33.93,34.16,1627806
WY,2017-10-10,34.32,34.43,34.08,34.19,2044124
WY,2017-10-11,34.39,34.49,34.29,34.35,1699660
WY,2017-10-12,34.59,34.65,34.14,34.32,1901217
WY,2017-10-13,34.9,35.0,34.49,34.66,2424463
WY,2017-10-16,35.02,35.17,34.7433,34.87,3120108
WY,2017-10-17,35.03,35.06,34.82,34.95,1649518
WY,2017-10-18,35.23,35.38,34.99,35.03,2933377
WY,2017-10-19,35.18,35.26,34.895,35.15,2490409
WY,2017-10-20,35.28,35.47,35.15,35.29,2216235
WY,2017-10-23,34.82,35.48,34.82,35.4,2690352
WY,2017-10-24,34.87,35.0,34.69,34.92,2548505
WY,2017-10-25,34.68,34.81,34.45,34.74,2256934
WY,2017-10-26,34.88,35.12,34.73,34.85,3212793
WY,2017-10-27,35.51,35.888,34.76,34.78,4282130
WY,2017-10-30,35.61,35.69,35.38,35.61,2956251
WY,2017-10-31,35.91,36.0,35.53,35.63,3378317
WY,2017-11-01,35.81,36.3,35.69,36.0,3466082
WY,2017-11-02,35.61,36.3,35.5,35.94,4953544
WY,2017-11-03,35.71,35.86,35.31,35.46,2431372
WY,2017-11-06,35.66,35.77,35.49,35.67,2209834
WY,2017-11-07,35.99,35.99,35.65,35.69,2294034
WY,2017-11-08,36.41,36.48,35.91,35.94,4026503
WY,2017-11-09,36.27,36.34,35.93,36.27,1885995
WY,2017-11-10,36.14,36.48,36.09,36.2,3026428
WY,2017-11-13,35.96,36.47,35.9,36.12,2375866
WY,2017-11-14,36.2,36.25,35.55,35.75,2370085
WY,2017-11-15,36.55,36.68,35.91,36.05,4002445
WY,2017-11-16,36.55,36.92,36.35,36.64,2930502
WY,2017-11-17,36.28,36.62,36.28,36.35,2399516
WY,2017-11-20,36.11,36.52,36.09,36.34,2673163
WY,2017-11-21,36.11,36.27,36.0,36.2,2825149
WY,2017-11-22,36.19,36.3,36.08,36.11,1269393
WY,2017-11-23,36.19,36.19,36.19,36.19,0
WY,2017-11-24,36.17,36.5,36.11,36.24,709620
WY,2017-11-27,35.53,36.31,35.49,36.29,3625859
WY,2017-11-28,35.68,36.06,35.66,35.77,2429830
WY,2017-11-29,35.37,35.68,35.21,35.64,2818449
WY,2017-11-30,35.38,35.74,35.01,35.26,3921533
WY,2017-12-01,35.4,35.5659,34.81,35.55,2805636
WY,2017-12-04,35.13,35.76,34.96,35.63,3899603
WY,2017-12-05,35.19,35.44,35.05,35.19,1876784
WY,2017-12-06,35.24,35.39,35.04,35.24,2235064
WY,2017-12-07,35.62,35.65,35.18,35.25,1787570
WY,2017-12-08,35.43,35.75,35.34,35.71,2270893
WY,2017-12-11,35.44,35.48,35.05,35.37,2124581
WY,2017-12-12,35.63,35.93,35.58,35.87,3228457
WY,2017-12-13,35.76,36.16,35.59,35.75,2566977
WY,2017-12-14,35.65,36.05,35.64,35.78,2273179
WY,2017-12-15,35.84,36.12,35.78,36.11,4764966
WY,2017-12-18,36.01,36.25,35.88,36.02,2672342
WY,2017-12-19,35.48,36.12,35.43,35.98,2034907
WY,2017-12-20,35.42,35.93,35.4,35.56,2721996
WY,2017-12-21,35.21,35.59,35.15,35.54,3782322
WY,2017-12-22,34.94,35.35,34.7,35.23,2861708
WY,2017-12-25,34.94,34.94,34.94,34.94,0
WY,2017-12-26,35.06,35.17,34.92,34.96,1689296
WY,2017-12-27,35.1,35.25,34.99,35.1,1993981
WY,2017-12-28,35.26,35.3,34.95,35.1,1810050
WY,2017-12-29,35.26,35.5,35.09,35.35,2258489
WY,2018-01-01,35.26,35.26,35.26,35.26,0
WY,2018-01-02,35.3,35.35,34.91,35.3,3143976
WY,2018-01-03,35.61,35.67,35.23,35.23,2922846
WY,2018-01-04,35.32,35.7,35.29,35.7,2727790
WY,2018-01-05,35.27,35.58,35.22,35.39,2924802
WY,2018-01-08,35.5,35.58,35.27,35.3,2760800
WY,2018-01-09,35.26,35.56,35.2,35.56,2530349
WY,2018-01-10,34.83,35.22,34.58,35.22,4520359
WY,2018-01-11,34.99,35.05,34.57,34.87,3405765
WY,2018-01-12,35.26,35.36,34.85,35.09,2891478
WY,2018-01-15,35.26,35.26,35.26,35.26,0
WY,2018-01-16,34.76,35.45,34.751,35.35,3876989
WY,2018-01-17,35.21,35.3,34.7793,34.88,3500614
WY,2018-01-18,35.3,35.415,34.88,35.16,3099437
WY,2018-01-19,35.8,35.81,35.31,35.32,3548562
WY,2018-01-22,35.98,36.145,35.785,35.85,3269391
WY,2018-01-23,36.61,36.735,35.96,35.99,5291669
WY,2018-01-24,37.59,37.66,36.75,36.98,8694601
WY,2018-01-25,37.73,37.86,37.38,37.81,4612921
WY,2018-01-26,37.85,37.89,36.91,37.88,6003197
WY,2018-01-29,37.07,37.83,36.56,37.83,6127504
WY,2018-01-30,36.79,37.06,36.52,36.84,5452546
WY,2018-01-31,37.54,37.68,36.85,36.89,6448915
WY,2018-02-01,37.16,37.67,37.0801,37.47,6208911
WY,2018-02-02,35.68,36.04,34.95,34.95,10419440
WY,2018-02-05,34.79,35.89,34.755,35.48,6984232
WY,2018-02-06,34.68,34.85,33.68,34.19,7620556
WY,2018-02-07,34.52,35.16,34.46,34.5,4260231
WY,2018-02-08,33.6,34.675,33.6,34.42,5743009
WY,2018-02-09,33.79,34.03,33.015,33.79,4781683
WY,2018-02-12,34.36,34.41,33.49,34.01,4536521
WY,2018-02-13,34.21,34.58,34.19,34.26,4346132
WY,2018-02-14,34.96,35.01,33.86,33.96,4834160
WY,2018-02-15,34.95,35.44,34.55,35.25,3574453
WY,2018-02-16,35.18,35.5,34.93,35.0,4067465
WY,2018-02-19,35.18,35.18,35.18,35.18,0
WY,2018-02-20,34.94,35.46,34.87,35.02,4461461
WY,2018-02-21,34.76,35.28,34.76,35.02,4938205
WY,2018-02-22,34.86,35.305,34.85,34.97,4251393
WY,2018-02-23,35.4,35.41,35.0,35.0,2579608
WY,2018-02-26,35.66,35.705,35.21,35.4,3870491
WY,2018-02-27,35.26,35.85,35.08,35.65,4899687
WY,2018-02-28,35.03,35.735,35.03,35.39,4767083
WY,2018-03-01,34.36,34.91,34.13,34.84,4242863
WY,2018-03-02,34.65,34.68,34.0,34.11,3106695
WY,2018-03-05,34.01,34.585,34.0,34.41,4984713
WY,2018-03-06,34.23,34.475,34.05,34.08,5811147
WY,2018-03-07,34.28,34.36,33.95,33.95,4238398
WY,2018-03-08,34.47,34.48,34.29,34.35,2952246
WY,2018-03-09,34.86,34.86,34.45,34.68,3098986
WY,2018-03-12,35.12,35.24,34.76,34.8,3676846
WY,2018-03-13,35.55,35.56,35.23,35.27,3810022
WY,2018-03-14,35.24,35.6,35.17,35.54,2785743
WY,2018-03-15,35.62,35.665,35.21,35.35,3985742
WY,2018-03-16,35.82,35.98,35.46,35.6,5220211
WY,2018-03-19,35.53,35.83,35.21,35.83,2707955
WY,2018-03-20,35.39,35.83,35.09,35.53,4032115
WY,2018-03-21,35.38,35.915,35.26,35.55,3485557
WY,2018-03-22,35.2,35.73,35.03,35.06,3359246
WY,2018-03-23,34.05,35.45,33.97,35.35,5798460
WY,2018-03-26,34.53,34.59,33.87,34.34,3811341
WY,2018-03-27,34.9,35.245,34.19,34.5,5577685
WY,2018-03-28,35.02,35.46,34.88,34.97,4378559
WY,2018-03-29,35.0,35.39,34.91,35.1,3836782
WY,2018-03-30,35.0,35.0,35.0,35.0,0
